2150
756
38
2205
698
1290
1640
505
1602
1595
1578
840
703
2139
1865
2286
53
1559
589
1288
822
2278
211
1532
1352
1028
1660
526
324
91
852
616
2112
613
762
250
1828
408
331
1741
1625
2444
2458
259
2392
163
1211
1478
539
927
467
814
109
1976
2272
1815
1947
543
1579
2016
602
587
2448
81
162
1310
56
2003
1688
2027
679
2467
1775
658
465
694
1037
1247
1317
1829
1950
1207
992
1238
686
2201
360
536
494
1706
1341
2022
583
2230
2098
1381
416
8
697
758
718
949
654
2006
655
28
1659
1631
1713
1702
998
2284
247
218
484
1187
1784
1742
1456
707
82
5
2269
2235
1962
2249
2457
258
1839
1726
2355
973
600
282
2065
2326
1785
2195
36
2141
2237
947
894
2453
847
1923
2390
731
1527
1655
982
1573
2438
801
719
1834
1674
603
1788
186
1628
1647
2114
462
2158
1375
916
688
447
1443
1937
16
1434
1201
1063
716
1936
617
1279
1173
859
503
867
39
2068
1748
210
191
1677
990
72
1727
379
1521
45
835
1570
950
1912
1433
1572
750
1984
964
2161
2351
405
911
1678
768
2344
1011
753
1068
406
1989
970
817
673
1793
1423
160
1580
959
597
1108
942
226
681
2266
1927
662
1510
752
2332
2179
1035
1158
425
270
897
378
960
1585
757
861
1540
1942
744
1370
377
1751
2066
1041
1534
157
2469
1675
486
1123
1700
1960
181
225
842
1083
2293
818
307
1094
1729
1476
103
1217
1244
1840
519
1177
919
114
507
1048
1377
2435
1337
2263
2432
594
1616
2405
902
799
1910
1755
727
424
967
1859
1608
362
2194
656
1265
1714
1127
1894
1965
2425
1155
51
626
1004
99
1270
1900
188
1390
1439
2081
122
1049
1827
1257
1312
672
555
1459
372
741
831
31
1151
2220
708
1480
1331
608
477
1321
140
245
1258
1461
1719
2091
1774
448
1918
1588
2138
271
2258
288
345
951
1301
552
384
2311
2248
2394
856
2008
43
1007
1253
2424
732
124
2451
1264
972
1879
2208
1052
2225
843
865
920
2102
466
455
1446
691
1119
1111
1481
1558
1529
986
1657
1403
914
1140
1427
268
1376
2360
2306
590
2413
1384
1939
772
730
1591
317
1319
1768
2004
1405
2372
1846
1442
1990
1175
1783
509
2232
1557
92
1102
1794
1408
2253
2363
2252
2001
567
2268
1574
93
923
383
619
375
2399
1019
1471
1023
290
1477
197
699
1948
475
1161
1046
374
236
579
2233
2096
1425
440
1752
2271
398
1492
1626
132
267
428
100
808
2364
95
2227
2309
1986
1460
639
2083
832
948
2295
32
1402
2270
1734
1698
265
724
710
1690
472
1316
2010
1551
955
314
1339
855
241
1597
2101
1084
1812
1466
320
2075
1552
2246
2437
910
1261
576
2359
1735
2426
2080
2442
488
771
1445
273
1522
1513
156
2196
713
2299
1424
1887
2042
1209
361
1514
1223
1897
1998
2468
450
561
879
1346
2262
517
743
2247
1291
1371
532
1298
675
893
451
1221
1977
1763
2129
233
2313
1652
1251
664
934
1294
479
2395
746
1543
2210
547
487
1961
77
2086
352
628
1654
2122
909
1141
969
1935
905
696
2046
2015
148
1512
349
397
537
621
1135
2050
2059
1042
933
1191
1621
1721
1356
2118
339
2350
1065
193
546
251
1946
510
2152
1428
289
2236
2038
2160
2
778
442
2047
1027
1176
1973
2421
263
296
27
2218
1188
945
1672
862
2181
1805
130
2032
780
1516
1847
559
483
471
2450
2277
1707
1606
284
98
2057
1796
1380
2120
1038
1728
1780
968
629
1160
2034
195
1074
0
2154
240
1957
2188
497
2471
2104
1095
125
578
1490
1032
2430
1367
1134
1215
1275
1197
1582
1005
2361
1008
1496
1758
411
761
1593
837
464
2145
1682
1508
736
2345
1391
2103
2374
1658
1988
572
1891
1833
2209
419
185
1470
2281
102
141
1360
824
385
601
1646
1911
1249
214
557
770
1438
858
1245
2041
630
1880
1081
121
23
2019
1771
2353
224
1906
1475
1343
204
935
1511
2320
640
1105
1664
1610
490
208
573
2149
527
269
1145
1932
1120
1100
2128
2411
1412
739
1374
413
810
1114
999
748
2267
1819
1240
1304
1684
1395
1164
2322
1006
2198
1015
1417
2415
2420
880
620
242
1662
2173
2408
1903
1809
1271
844
513
1415
2358
423
1554
1604
2341
380
1398
386
1183
1699
523
1144
738
2380
2026
174
954
392
689
1227
441
1320
480
554
787
1980
2215
715
502
2191
2250
446
518
1943
610
1818
1002
2212
556
266
88
452
841
1629
74
522
1436
2012
2147
2131
581
1738
1125
1086
439
2465
943
312
321
358
2428
956
915
538
1012
1689
759
64
794
2110
1795
481
1205
1208
922
1354
52
1184
2384
2310
2156
1956
1344
700
131
1429
1389
1025
1909
498
2335
568
417
2329
1995
287
1546
2184
2472
1589
1987
209
418
1553
500
2315
227
745
1797
1669
7
980
514
742
773
649
1450
1133
1076
101
807
2089
784
1054
1744
515
1983
1058
2183
1010
1021
1620
2244
2072
1777
1679
806
1811
1596
1066
1060
1665
1104
89
2418
279
149
2386
1336
255
1079
328
876
932
542
1107
295
1281
297
2137
2443
2461
337
313
853
426
1305
2436
1029
2109
354
407
668
1226
1213
2274
357
1860
388
921
1852
779
1040
1458
1069
1169
1849
912
1643
1250
1039
376
470
256
49
344
816
112
891
1769
118
712
1816
196
2174
495
1358
436
2167
1026
994
632
1030
138
1413
1225
1681
2113
1803
57
1097
2197
1293
274
2222
1397
1437
2071
2092
410
826
1772
1792
232
60
1806
1322
1814
1303
1683
1708
2202
212
1254
2099
1373
767
1234
432
2052
2073
2478
978
1117
2007
1315
1884
1129
2206
1130
177
222
1327
359
382
883
1804
1309
1318
813
1876
2076
635
1387
1233
1297
1296
1062
940
1917
1003
1791
176
2153
1972
1435
1136
278
863
680
1031
2334
409
1156
1057
2378
1969
800
516
1098
961
693
492
2111
575
58
1913
1087
1009
276
1497
1500
183
1951
1845
1092
1222
925
2162
1452
1581
2389
1143
1975
1767
2325
1396
158
988
878
2136
993
264
1280
820
2245
192
592
469
541
1994
2483
2119
889
2356
190
2219
1548
1841
18
262
459
1077
2224
1703
2404
1493
1289
1668
1365
976
2393
1981
1637
1907
1185
1180
1179
2373
2002
1307
1267
2398
1736
2321
1938
1064
2029
217
815
2164
1106
1825
473
342
106
389
1383
2203
1302
777
1220
1836
580
2216
1756
2169
365
1821
400
740
2482
2187
1502
1137
2433
1216
