1189
62
1978
280
565
248
801
953
1536
1420
1977
2230
128
428
2322
2309
1695
1283
1905
258
2101
1915
382
1255
2114
1491
1626
521
2289
210
1658
879
1335
141
715
55
2310
1240
1468
724
1185
549
1173
948
1108
780
1413
906
1193
2180
1665
1487
1031
1840
84
1913
454
1617
1647
2145
682
931
1296
1399
550
1944
498
1187
1657
923
710
823
1769
1616
2054
2441
1697
672
137
2221
1954
2172
1859
1861
1007
1659
3
1881
473
464
1379
230
683
1090
671
884
1122
2267
276
627
632
303
1805
1728
2137
2050
2051
6
2280
827
2055
1744
731
709
433
1179
1369
566
1675
1178
1663
423
1061
1825
845
2350
452
766
169
1790
861
2274
1630
1783
307
1767
223
2191
2163
2112
833
1776
396
905
567
936
24
96
1154
1091
817
23
542
1834
1236
1590
12
1712
324
45
71
2444
1857
1347
1555
2200
706
1213
1257
54
1298
1568
688
524
1514
1668
2170
211
364
359
1735
76
249
2139
2128
1688
46
920
2288
404
2341
1029
581
325
163
1325
1301
1309
1117
849
1105
2006
661
1359
1694
130
1334
154
2062
1798
1026
859
2193
1270
1667
807
646
1838
1839
474
1577
2317
2386
1789
992
1451
378
237
1546
647
1737
1275
1674
1618
37
2173
1417
951
1286
489
2012
800
1011
384
912
1269
1093
543
2053
1131
910
1415
691
1388
1263
723
1073
2035
2409
1852
2420
510
1652
1087
897
1372
1756
1436
1212
832
784
244
2365
554
942
1521
927
2418
569
462
429
1390
1547
829
1499
1684
1786
1736
1917
1580
460
2238
2192
2085
2368
2047
917
1439
482
1054
1806
525
1576
806
2100
757
2232
2422
1559
2474
1613
40
1901
1448
2089
913
558
290
2413
2178
2286
628
294
1209
509
840
1765
308
1373
1443
456
405
92
1457
48
1049
181
216
207
301
531
895
546
318
591
1132
1996
555
472
1892
1405
1549
1479
1985
737
114
1336
2059
1278
2152
2247
1664
465
432
1191
1615
265
1532
1947
1938
2283
2240
2332
9
2150
900
1289
2377
1934
1363
940
173
267
2369
1366
68
240
1693
2229
1004
250
2102
2026
1177
1922
1778
1382
2284
107
1461
1024
1318
2397
677
358
27
568
1632
73
893
636
2216
32
2419
1184
2013
826
1310
34
439
1976
556
360
994
2408
1604
962
1936
1640
1465
1780
559
501
819
1305
1596
2438
1124
958
171
2345
538
809
2466
704
1614
1028
1774
1426
1854
1997
272
1544
2357
1836
1471
712
907
30
1097
2447
2476
984
1848
707
227
1781
2052
2129
1133
109
1965
1775
1955
886
344
319
315
395
36
862
25
2279
118
2384
2449
2248
1200
1995
1889
922
479
1867
515
1089
1578
1407
340
1005
2405
2107
1331
999
251
440
1452
1042
1666
2042
2075
243
891
376
2162
1610
2258
2084
1796
821
995
1467
903
1724
1953
2475
2272
1453
1763
1654
726
572
1459
296
2329
1799
484
1803
217
1246
2373
2348
2400
1911
2116
2469
1040
126
1327
2197
2118
520
121
1001
1863
2412
2098
576
422
1597
5
212
1715
2078
2398
1023
1092
926
915
1600
16
1441
483
1190
2401
2328
1141
2406
527
1603
764
329
1858
795
441
1741
1495
1570
2364
146
1813
370
1960
2147
934
713
746
1353
607
1182
1267
876
541
11
735
477
2344
2256
939
1345
232
453
246
1387
970
1314
930
1552
959
1515
149
2198
2179
2153
2210
2064
1150
2094
2378
1754
1050
1773
1313
2276
553
2388
2306
1561
1121
1766
75
2205
2088
648
1084
1285
1214
1541
253
2071
1595
2134
1287
1814
2243
751
1223
2453
353
2367
774
334
1449
1450
2131
289
1412
1567
621
1231
403
771
2066
348
1019
950
871
1396
2245
1456
1188
1418
644
490
1259
197
2297
1644
652
1708
1819
1297
2149
1490
2011
1608
1642
1292
1860
758
982
2358
1807
608
1731
463
844
1732
1149
2218
1855
1152
1698
1137
1045
2222
2338
1637
2298
389
1586
2411
1161
1291
2231
1048
2164
445
1704
313
557
1169
1589
584
86
2060
1691
111
659
277
187
1322
1982
1971
2407
977
192
2142
1879
1230
1843
785
270
656
1517
1937
1442
105
1587
625
1170
52
394
1929
2303
379
963
100
2211
1714
2126
150
365
1969
1469
1845
2159
1158
2434
1686
2023
1551
740
843
1394
2019
2326
254
2121
1979
2236
1330
1126
305
1016
2020
2156
203
2404
1771
680
1777
148
1856
2263
1288
989
1638
730
1482
598
2014
1233
2201
852
601
1999
2005
1002
331
518
718
1060
1885
573
2017
563
1886
1389
386
1981
316
1250
2039
1
1017
888
2109
502
2203
1164
89
1262
846
164
1726
511
1319
588
582
938
1099
2024
2362
461
929
596
2327
2425
1197
2433
275
2070
2455
935
603
391
1542
1226
70
1171
496
79
2045
2426
1699
1991
812
1931
225
1329
236
820
1903
1503
321
2321
1204
2314
604
642
136
152
798
1762
1153
235
978
626
2380
512
1195
788
39
805
1360
1673
1101
134
2086
537
1706
513
1748
347
933
1841
2099
1926
306
651
1462
1627
2041
2439
1768
1401
1371
2464
2143
796
749
1274
1498
180
2190
397
371
90
59
1816
1993
505
1252
1485
2117
449
991
2097
763
986
493
831
2454
2002
1556
1984
2437
1036
1918
430
825
155
1477
494
2252
1167
1496
1689
1611
2312
1008
2103
94
1196
1256
869
777
1006
1992
1114
613
552
470
1111
2171
1752
577
1051
2244
1797
965
259
1282
278
693
2456
972
66
1628
1134
2467
1533
760
1046
981
1219
517
1079
1787
1572
1670
1242
282
2270
2161
2003
1656
1951
612
1893
504
298
1281
1540
2473
1160
366
1392
2459
1849
1826
369
1875
2076
1719
1914
1293
2460
937
469
882
420
1466
61
1377
1307
1942
2056
262
1115
2319
1522
2010
393
1681
658
1925
2471
1794
1083
15
2351
911
1624
729
2224
875
1202
1940
742
1279
1545
458
2313
663
1308
924
892
1032
1690
1037
1176
2428
1801
2443
594
1352
1880
734
269
1851
138
1636
1932
1148
1655
976
2468
58
2246
925
1243
129
653
1228
1082
1104
2366
508
733
1333
1874
165
1738
1245
2130
1053
699
1419
26
29
341
1672
1227
302
2004
779
593
1887
19
2095
2155
1692
1070
841
1526
1128
1102
961
131
8
1609
106
17
851
2037
797
830
1831
548
1884
2465
824
2415
335
2290
459
1192
2105
997
339
2430
1900
108
271
101
1760
1041
649
102
205
1720
2337
1676
1473
1397
1827
2427
2213
183
684
1987
1406
770
239
413
1337
215
630
157
1958
2208
