320
1281
1545
2460
318
483
942
976
571
977
2305
2176
2336
1362
1428
538
2027
1708
2038
1945
513
508
1914
1261
861
1797
2347
2169
2163
391
1178
2289
1082
945
966
1338
2040
4
822
898
2047
1718
786
1999
947
2417
2477
885
889
1920
2401
964
1358
1233
1872
179
2356
840
2310
1250
1853
63
160
1039
2316
967
1043
253
1144
1127
1141
335
2187
47
1548
1883
2320
1090
730
1237
1264
1503
532
853
1533
1915
2249
1380
909
1341
1680
2034
1101
1640
1756
2005
1340
1937
1725
1369
754
1229
465
1
504
858
400
734
2099
1080
2018
13
631
687
2340
1961
1084
903
100
1993
1399
40
2314
1038
1720
26
1317
1953
653
729
2364
1578
319
2214
625
1034
468
1359
963
536
1260
112
1553
297
192
943
425
2129
1726
2140
1334
1295
1305
140
548
1660
567
1500
711
168
189
2131
1610
1750
2432
1136
755
968
111
2324
433
230
1481
1796
1009
797
2281
1346
952
2139
1844
737
1990
745
303
17
1301
1795
1048
1306
618
2120
437
1930
998
1100
106
1391
919
2231
1552
287
407
962
2028
1558
1197
2352
220
369
749
1702
1187
1246
77
556
2358
1678
1240
292
1357
414
445
1154
2241
1303
1382
2091
1931
1397
1814
1746
1262
1241
2062
267
1881
717
229
374
685
2326
385
2398
1804
142
558
1406
2043
1987
1236
378
2233
2200
1476
1594
1432
950
1587
893
29
1894
2368
278
1551
1665
1633
1820
1892
2261
1974
420
1650
2265
2065
148
1448
1703
1153
381
541
1743
98
44
137
857
2426
1659
751
1468
1564
934
1171
2045
1121
1147
1855
1450
2369
2288
2127
1729
512
263
377
780
49
310
383
1819
2025
1739
264
1673
506
2329
1454
2362
940
1151
419
1222
502
779
1310
2124
274
563
1763
131
2264
446
2049
94
656
2230
1762
1366
1474
753
1638
602
460
46
1521
2440
2143
1411
1871
182
1162
869
452
301
2183
1948
1928
1775
564
1818
2463
43
514
1336
2024
92
440
1916
376
1299
959
91
496
1693
1740
573
1591
51
1769
1487
549
983
1403
1861
2092
1113
633
2420
1847
1727
1719
680
600
603
1470
2378
700
249
396
2174
418
1908
2138
499
2074
453
555
488
1996
883
1642
606
52
1195
792
574
2475
1955
2391
1037
1571
557
2387
117
430
856
793
1568
334
307
1189
2084
1531
666
196
641
1734
1645
691
73
1395
219
1696
2424
2167
2095
1388
1458
875
1319
1688
663
1097
505
707
279
2252
609
2228
1296
1228
1893
238
1509
689
1249
1015
2348
1630
1747
922
436
61
1068
2121
231
932
1282
1565
68
545
1566
2103
1323
1184
848
2072
413
2152
2283
1041
1793
788
1681
657
285
1586
1849
458
1784
1582
980
1425
1494
808
1654
2476
925
1959
1465
1142
113
2149
149
2136
2014
820
9
329
1768
1800
277
1791
261
2321
1901
2332
1268
2370
34
516
1912
876
2480
1394
1331
1145
2429
1307
221
1016
2271
874
1607
1653
839
880
1885
1217
1079
821
1628
924
2071
268
1209
1453
2037
931
521
1158
2435
251
159
746
2012
1484
790
1782
1946
1614
1348
2317
1647
1446
1510
682
624
819
2056
1283
1269
172
1328
1218
1794
836
184
1623
1265
612
1183
3
1827
2355
2061
316
2234
2172
636
888
2335
2339
1024
174
1350
1208
1429
1529
1203
132
1059
1612
1755
118
1932
910
873
1823
1704
1717
1280
2221
321
406
2313
161
758
1490
1006
103
1728
622
1882
1641
1981
1575
1093
181
2113
1044
124
1441
1502
62
2439
1947
926
1848
2114
912
1526
2010
1803
486
200
986
2430
323
173
897
2395
2075
805
360
1188
1389
1984
2224
668
619
243
1644
1169
158
2482
2319
1053
86
798
639
1860
2467
2247
1754
48
1231
973
69
1918
1608
796
190
1960
2431
2325
2222
872
1421
1501
2284
371
1513
306
2173
214
1339
2452
1792
1790
2458
2344
1522
2278
2357
1143
2421
1783
422
1291
996
2199
2081
647
958
592
1905
1078
2086
1174
2290
838
826
616
54
2202
1449
1845
1787
2300
941
552
2046
1455
1599
136
669
1651
1563
5
518
1051
1312
1742
2337
358
2312
1935
176
905
2354
2226
2349
890
607
1836
2371
1785
2380
134
710
2161
104
1245
1543
1316
1199
1256
416
449
1962
1986
628
591
1544
2087
2472
1314
105
2119
494
1263
2416
1834
18
1843
673
1618
712
12
1383
1542
35
125
744
59
2150
1925
2011
42
640
904
1798
1062
99
2448
1835
2032
315
1126
2328
694
135
1021
1173
1924
1786
1666
1107
1032
1583
1588
681
854
2263
927
1679
2345
1949
1968
2215
438
2016
2070
203
1830
2382
1292
1368
2076
1139
578
1753
1569
498
859
1690
1846
1355
2210
645
865
1879
412
2009
431
152
342
53
1732
1005
829
1467
489
654
1177
1180
1254
1333
244
1604
871
1873
2217
816
1289
1483
2258
1497
1163
1364
693
971
1891
1275
471
2243
1352
1466
1950
917
1705
144
386
1593
497
818
222
119
664
2157
90
804
2156
2454
1880
1098
953
929
1326
2280
1507
2193
637
60
2158
787
330
1540
972
810
690
1122
678
1958
1017
1831
397
1004
246
2433
946
930
1409
1472
1900
892
1597
2100
0
1207
1997
988
1811
1464
752
1345
2250
902
1940
698
1025
359
409
2388
89
1865
410
348
658
1897
1114
2246
198
777
28
708
1204
129
1887
2276
999
2273
482
428
701
2029
479
1858
970
282
455
199
817
451
1482
1973
432
1922
1318
775
2479
1011
1677
24
566
2067
662
1538
2375
528
1027
227
649
2007
2245
1971
351
629
1941
444
1266
1438
1392
501
1255
2343
1284
652
2204
783
944
2142
2363
1828
1549
703
2411
1337
1165
331
1913
2302
1103
1975
1230
709
122
154
1537
1744
1609
273
833
1956
1856
1322
877
218
33
714
399
1766
2001
2041
969
1716
281
2096
2048
1807
1557
588
387
1321
1089
424
1767
36
1838
1985
761
490
2238
2295
884
1939
1396
2108
1826
760
1138
145
426
1286
1691
575
1600
2484
2422
163
1649
2473
1225
1839
1227
599
1343
587
1115
1758
844
1539
1200
1375
2275
2434
1135
2248
676
742
153
143
1770
1632
448
2055
71
115
2223
2402
2299
846
1342
164
2309
1570
620
1293
204
1277
1424
789
1444
665
1919
2287
772
258
824
2374
2102
765
529
1479
408
565
2181
2409
252
1550
1875
1224
2141
1201
133
1001
2017
72
1288
2002
1683
660
667
1259
1408
2194
392
515
1617
2253
70
1216
1160
2396
1779
517
1311
165
878
1520
2457
