1813
118
483
1041
267
57
2355
1047
322
1799
1992
1672
914
1087
906
113
303
28
2323
733
797
1628
989
1594
1514
865
165
2242
1638
1450
1243
2137
1599
1725
678
2188
523
763
2094
2461
1786
1349
1639
792
1341
1539
843
1797
670
1084
839
216
1199
2240
1834
1185
1717
1370
744
480
1360
2072
1446
2202
1792
293
627
850
1374
2027
768
1156
2432
960
2273
747
1860
764
2097
1754
1996
816
110
545
1140
2164
1895
2399
677
1982
2197
2423
2417
749
1913
1588
2276
961
1785
2369
2019
413
1558
1011
845
1234
1758
1080
439
2079
625
665
2212
1888
1468
1654
1113
436
2113
1216
1422
273
360
1451
2147
307
292
1824
42
2052
2067
2238
1445
258
425
1802
1210
1
2049
2336
516
2033
157
1204
2307
2155
1571
254
2467
676
2308
1237
2069
1246
1385
624
2431
1562
1150
698
2311
851
2193
1666
1273
1522
2398
2304
1750
1251
549
2376
1153
277
859
1838
39
1865
2239
403
471
1683
371
769
884
2075
1178
1724
964
355
728
186
963
2077
1662
1653
1417
1170
1203
2048
15
547
189
1025
262
1062
1722
1006
317
1028
2166
2269
1120
932
294
1299
1332
776
508
721
783
359
1829
1576
967
2009
1805
557
1563
2237
811
2378
1400
1614
1183
1287
25
2010
2410
109
1343
337
1529
951
2157
1242
1117
1019
1457
348
400
1828
1969
1884
1135
1097
800
447
1611
1948
805
1560
580
1013
1497
679
598
1256
72
2285
297
899
2184
1678
1402
539
1770
489
1499
1105
518
280
2207
2476
1814
616
1727
2310
83
1769
708
799
1882
510
1300
1926
2134
976
52
2404
1867
2220
2090
1379
2348
610
456
1031
1188
1100
458
1665
1800
1245
1376
451
149
1974
1143
170
495
422
866
474
1942
2232
1825
2294
229
638
1930
75
2474
1098
672
320
1623
1313
2291
576
818
1477
863
886
1459
1073
1352
2210
97
180
548
604
2089
1619
1874
1897
70
1697
419
2025
1027
445
1496
73
927
2108
290
1476
1187
2178
1401
801
250
214
1229
153
1219
243
1606
40
1943
395
1386
898
1844
1164
2457
241
222
2349
1501
613
1030
187
416
289
890
1230
2100
2250
424
920
2231
612
622
634
405
1345
154
736
690
88
315
1265
2253
1325
2035
2381
1674
1821
488
2353
925
1937
441
1953
1137
1263
2444
1487
1643
2449
879
983
198
602
2017
2428
426
1737
1532
21
381
219
197
1657
207
2465
701
1411
1933
1855
1037
1270
847
725
2374
940
1133
86
1302
781
889
1009
691
1762
342
527
1780
1398
2484
2018
1608
1508
2391
896
815
2211
1963
2340
2235
933
324
1271
975
1424
1239
1405
1873
502
587
993
821
361
1172
93
829
875
1148
1478
90
567
8
1885
929
2103
2004
1269
1528
1353
600
1110
111
2007
1122
2439
1318
1058
1875
1070
2448
1779
408
2424
2402
202
2321
340
2317
112
252
490
1670
1428
51
2148
856
525
789
1052
2352
1086
564
1128
1078
457
2384
1648
385
99
68
1675
2318
54
953
484
1511
1991
132
1826
2081
1533
144
1650
2066
1703
1691
882
1849
1939
2270
846
2028
1859
63
986
820
2338
2309
876
1026
287
248
1209
1387
305
1740
713
1761
2332
1891
854
1894
1557
1094
1259
5
1191
1344
2437
11
432
2463
569
1329
1173
35
1247
1525
473
10
1399
1807
1215
1804
1258
1090
377
662
1866
362
314
1547
167
693
1053
1354
1250
1743
2320
904
716
2451
1898
1729
1887
751
46
2092
1394
2271
444
1864
1538
1988
524
1317
2483
234
2295
1756
1965
1125
1803
406
492
135
1760
264
1004
1316
871
257
454
2099
2169
1951
1726
260
647
2480
560
1226
237
688
2076
841
1311
62
148
1577
2333
952
1458
1381
1549
1224
394
84
1810
977
420
1198
1404
1876
1823
715
562
732
609
2071
572
1044
1893
226
2170
1850
2274
784
206
2226
341
1971
1634
107
2380
635
813
1782
1498
1736
1983
43
1918
849
765
1917
720
2209
1315
1715
1456
2455
697
312
220
468
1635
124
1530
1713
493
2016
48
824
837
1331
1652
278
2051
1473
1106
1372
895
1790
2394
2183
1163
2034
2388
58
1111
579
894
2354
1631
911
2047
2189
2182
583
2264
499
1147
1718
1705
1947
1139
339
1189
637
159
900
1350
531
1681
1503
440
448
1990
2298
1092
910
643
574
2302
877
2053
1131
1651
1480
1878
102
2114
1916
1248
1936
2443
2159
2481
628
1093
1999
1960
2454
1337
2115
957
1542
591
758
1771
2251
1257
2375
620
1964
428
1358
1081
1647
472
1002
2328
2151
1712
753
1038
1798
276
1253
319
1130
646
246
179
1413
2154
465
1687
923
1934
136
2093
1091
1174
2174
2074
1045
553
1837
1407
2014
648
2001
1979
1207
1048
2195
641
1553
230
928
1671
1453
619
640
316
2098
1158
812
1841
2372
767
418
1570
1310
599
645
2267
1278
595
1607
1472
1744
482
1410
1380
1601
2208
1015
1791
479
1032
924
2054
1904
1906
396
29
537
302
1578
2368
1212
2370
1589
1076
1719
1252
244
184
298
2327
225
1305
401
366
981
1759
2412
987
2297
2279
1406
9
1568
2346
944
515
1490
1471
343
168
188
67
1171
922
327
268
1072
915
231
496
796
2445
1292
26
2430
1021
1523
443
798
864
561
313
577
970
310
2219
794
991
2141
770
1297
2360
2136
162
2258
1067
1346
352
2407
995
1959
778
1289
2110
1202
2246
2124
842
1869
902
279
1088
1595
1704
1706
739
37
328
2031
1924
2446
853
657
2015
565
1488
2268
706
1883
1616
402
249
2186
1698
2259
2361
1102
1056
2382
1739
79
2254
1192
649
1049
2473
1772
1572
1587
808
380
1784
1954
2036
945
1871
1336
631
1186
172
512
848
245
330
1290
687
658
125
605
1494
807
844
803
2233
756
12
201
192
1541
642
1391
1664
369
954
2223
663
291
212
1600
1618
2377
321
2363
7
2278
1504
2145
1985
1020
1734
2385
558
536
364
2086
1774
2020
259
1437
378
1584
181
20
2214
2395
2121
325
2256
1388
1061
2165
1433
1582
1024
905
275
2247
2316
1233
1625
33
2080
1334
1966
664
2085
1944
630
2284
1327
608
1035
383
205
178
1551
2143
992
2350
1119
2021
1765
1280
936
1177
2150
714
138
787
1543
1214
1879
1907
1217
1303
372
533
438
1099
469
652
2343
1168
1656
117
239
434
1795
4
27
1928
1968
2296
1853
1309
916
1684
1298
2416
1938
1444
825
1861
477
282
520
2146
286
606
1085
542
918
427
506
421
265
617
2426
