158
1921
2283
1186
143
137
1178
865
614
1150
1553
1845
966
971
1386
287
1139
2201
2124
1357
2053
1086
1167
1309
965
1421
1737
2344
668
633
2088
1753
961
1372
2030
1848
2424
602
1077
592
2343
554
802
159
1100
1858
1945
1600
869
624
1970
934
2305
373
1597
1277
597
1407
1932
2146
962
275
1767
407
704
1477
548
2457
2212
1041
1783
42
757
2071
2133
2293
1224
425
2060
492
14
469
1655
2144
2362
43
883
599
298
1126
827
1481
1599
1193
205
2280
383
763
1532
2426
1163
1544
1464
160
441
24
1722
1082
1455
363
1961
1525
2211
1233
1235
145
2024
1025
1604
2135
310
835
1134
1050
2423
1474
1836
645
660
2073
1568
2134
1752
1643
1156
2237
2308
1454
2082
2384
1014
1787
1977
1746
2068
370
374
2193
2162
1315
55
1211
2022
2356
333
187
113
793
1520
46
728
932
200
141
643
1120
897
1489
2127
423
2411
1619
1979
923
297
705
1036
1679
260
982
2156
244
471
997
1657
573
1000
2150
1123
1936
691
2164
90
920
2140
172
1385
1166
1055
1034
1650
2447
501
2200
1207
635
7
1111
211
543
1347
318
1270
358
58
2223
1369
1966
2169
1947
615
665
168
2382
1701
723
608
2222
675
1028
1198
733
2074
829
57
2229
2387
941
2172
1718
1837
495
2410
1099
2313
2464
222
485
690
1113
2122
1695
943
119
846
2113
2018
1651
2083
2109
364
2037
1919
458
109
1154
2325
1577
890
221
390
1374
912
465
2370
72
1521
1711
535
81
17
1910
210
1220
230
1645
68
355
1005
998
1896
10
1011
949
466
2391
169
125
1680
217
1698
1268
1366
903
413
1833
1851
1267
1800
1715
2451
400
2414
388
53
2425
1563
2123
1750
408
687
2383
250
1091
207
1971
1996
1813
2448
1416
1426
372
788
1022
1824
377
45
1688
422
1990
1596
460
1360
163
2434
1310
330
748
630
676
2477
1389
727
114
868
585
1870
2218
2254
1686
1475
1681
1661
1927
639
1466
580
92
666
2409
617
1300
1142
1410
1401
621
957
1258
1423
1206
146
2257
854
292
1541
497
1490
2311
2374
181
414
2433
2342
524
1939
2331
1603
1240
1387
1754
420
2149
93
2255
474
204
22
740
384
309
33
170
1056
395
1855
1367
1956
1165
620
746
239
1509
278
2328
1790
1272
1628
12
1934
2089
1835
1808
1793
62
843
1234
568
648
522
866
649
438
2005
2170
2259
2373
1556
1162
526
2117
742
1016
2187
1095
442
1763
37
1375
1223
1319
2378
1406
1480
240
2285
1461
2034
202
2208
2107
270
41
2261
1610
1676
1451
820
1983
340
1584
165
710
976
1393
2059
713
1504
791
118
2322
875
368
878
304
587
2268
154
975
2326
2116
294
386
443
261
213
1714
1875
402
1133
83
1641
925
2185
2472
2380
1705
719
2081
311
572
272
2033
906
38
1622
2442
1058
1286
1171
336
702
1363
1668
1128
2281
56
1097
1248
1458
1256
1435
828
1250
794
341
231
288
1069
519
1354
2317
924
2130
392
1311
935
2012
241
2458
590
885
963
1334
1252
2078
627
245
2256
1408
2214
1337
1153
686
96
1560
921
354
40
502
945
669
2435
1148
1029
2300
2327
734
1444
264
2471
990
1802
1254
1728
956
1329
2444
1981
2008
1922
1176
1809
1409
1484
2000
2026
1246
1418
1079
1917
366
280
625
2096
2
518
1282
1483
553
988
483
2360
1999
214
1751
488
726
837
880
743
142
1499
1869
1138
306
1770
2095
1573
424
1214
86
1471
1853
2323
825
1187
1109
1735
1355
986
2091
1392
1527
823
352
902
339
1606
545
179
1285
2299
1293
807
577
1023
328
1902
1742
361
567
2265
508
2047
1168
1308
66
1950
1621
1862
380
332
2376
1535
887
1972
2157
1381
1519
1575
2355
2445
2097
183
1899
1772
550
2120
1075
2273
684
769
1624
836
177
2449
850
1844
1531
2016
2408
201
695
667
481
2100
122
166
1424
409
1411
1720
2192
1358
385
1015
2072
2470
1400
2093
1510
378
1172
2190
1281
91
1422
797
199
404
1891
808
2393
2233
105
814
338
1318
2225
2104
939
1486
1533
2260
427
1090
2427
2463
2455
28
2394
1924
1112
1078
208
588
598
224
232
148
812
1212
831
2247
1088
531
1295
1437
2028
768
1561
124
911
1314
1346
653
353
2270
2359
1456
1296
1012
223
2479
448
2019
1995
958
1083
2128
1199
1124
1141
2036
2138
1629
2236
830
1925
1144
715
1013
1260
689
1543
1709
228
2003
482
1960
1446
1333
2453
981
1774
1816
1882
1502
235
2121
1121
178
664
1670
2369
496
233
784
1725
324
915
661
429
1706
1729
2312
479
509
1873
1620
1965
551
948
320
475
218
1431
403
417
1404
1070
2038
212
607
499
2052
271
2102
1498
1104
1213
516
1391
1320
1035
1433
1403
730
1626
416
1909
396
2014
1518
1565
1379
1429
101
1810
2189
1578
529
1756
1279
1775
1288
1359
2278
2271
215
1745
1860
186
1413
1915
718
1542
490
1197
2450
229
646
1328
1685
2061
1185
1071
699
237
476
1963
52
1627
2173
2352
47
2276
1362
1194
833
412
1330
565
821
848
1137
2250
1843
2289
1779
638
2366
1463
738
1903
2367
2184
1852
1954
20
2478
2076
1059
322
909
688
706
23
520
1470
1765
1585
2239
104
1304
1117
1200
195
714
286
1024
1612
30
1530
121
1262
470
651
1001
1089
919
1232
1332
1323
2275
1119
1690
305
747
1904
1916
2226
1513
874
2307
1557
371
2182
889
351
129
2049
401
2468
2041
2181
578
1116
1867
8
225
440
1326
629
1096
901
1806
1719
98
314
1348
1871
1356
1887
1469
2131
2145
751
1955
1669
1243
657
1298
80
1063
175
2332
498
775
180
725
844
708
1216
928
432
313
1184
1188
547
764
1045
2178
382
106
153
1865
387
1370
131
162
750
2153
670
2221
1943
1107
1147
2361
650
1623
161
2194
1495
234
1399
1897
1350
1817
434
1345
1884
64
1143
1242
2175
2253
1289
2432
785
1523
2372
1021
2206
528
1796
563
1054
281
1135
1436
1847
2377
2279
1826
173
1880
360
133
1935
1823
1539
1043
1993
415
1799
1825
1219
1673
1846
1973
737
574
134
703
984
640
681
1317
2347
1316
2333
1066
752
2196
805
1115
1976
1245
1208
623
1609
1682
2441
822
1261
171
1784
2087
1732
157
1540
2098
2154
647
2118
112
1044
1743
790
120
25
108
938
1169
696
252
2353
2010
1554
2119
758
1747
950
1664
527
815
459
174
1361
1313
1511
1164
2161
1937
184
2364
1384
1507
493
85
1856
