2451
1290
954
2449
1950
519
1968
2107
337
362
800
974
952
1767
2205
2219
484
1393
2168
2462
2057
1523
1599
1690
89
2150
2351
1880
1677
1464
583
2361
512
1955
1534
977
740
1174
1531
2145
947
1189
2019
2127
1168
928
1354
828
1697
2448
106
887
2129
2472
1350
1096
1819
1337
1666
2465
722
54
1948
2012
1438
683
1246
1339
2273
1077
2098
1758
244
1916
1092
476
1864
1500
365
871
1547
1035
768
951
1657
1253
2411
1015
1334
1133
909
1309
53
2104
2253
270
1509
1090
2407
2423
890
347
2020
710
2078
439
2007
2056
234
905
186
487
1224
1073
819
1351
788
1521
616
907
1748
1235
675
2463
629
203
876
2259
1517
210
1915
407
2274
1340
1696
1525
2474
711
94
1656
1243
880
948
846
2287
1212
1185
1376
488
755
331
11
370
469
1150
137
1926
560
2086
2226
211
458
438
1645
1844
2137
1318
216
123
455
513
1674
1650
2046
1079
875
274
1209
57
2391
797
489
1485
158
442
2099
614
860
153
1949
245
1331
783
2270
2416
1982
292
2148
2212
2120
1456
2215
382
1981
1452
2379
288
1398
772
218
589
435
877
1746
2437
1387
1829
78
189
1809
792
1902
1687
1213
1639
1533
688
6
1590
2002
471
1415
1833
2122
2310
532
2217
1451
2237
599
257
2313
1091
1142
1817
709
1679
1856
208
2275
2382
1461
1898
785
2378
976
2264
1052
22
1966
1468
2424
1082
908
822
796
333
349
1511
1789
1286
1962
1333
1851
1760
404
1762
1057
545
140
401
128
2418
357
121
122
1775
1094
1943
2013
2315
136
910
1493
1055
1009
1792
1402
1388
1778
1658
818
642
2182
1597
995
1710
1184
2161
1297
937
1660
638
302
1830
1487
1275
2409
2211
259
886
1627
1873
1357
827
1553
346
256
1565
1793
451
626
2143
60
2286
345
1759
982
418
316
1259
701
1362
2278
2172
406
673
1732
2357
889
268
2276
2202
1720
801
1086
180
1139
726
409
1669
732
1686
2454
605
551
564
56
1909
1670
1310
1104
1179
2326
2354
169
2246
2033
2289
1165
658
446
1609
125
1170
1563
2335
1783
716
2364
1206
2392
2088
400
393
422
578
2221
1036
1501
1173
1498
175
398
872
1989
2376
2199
2240
1813
676
1886
384
2195
812
298
2435
2159
1240
1716
77
91
1705
698
1857
1389
1558
1649
457
462
2333
1367
237
944
2234
315
32
1852
2483
1904
2130
1010
799
454
949
2181
1403
2254
2242
1433
1712
1455
2149
1446
1780
816
81
2281
2387
420
1026
445
2123
1291
1123
911
1870
76
24
1268
1963
1725
120
2035
2171
433
173
2097
548
1947
1207
2173
2473
1859
697
574
635
387
135
1942
182
624
1222
5
2269
523
2426
343
1611
1860
1151
30
377
1245
294
1957
2239
1570
1695
686
385
1453
546
596
1465
1410
2066
2082
1391
2163
402
1202
2062
109
1252
1084
2403
1176
1495
677
1352
1903
1787
297
1171
1967
935
2068
1951
1782
2032
1567
194
468
361
738
1445
412
1192
1486
1936
1735
1276
1887
1711
261
2108
1766
1345
1273
2267
753
1751
1838
1824
2065
1231
1781
1443
2300
2327
501
531
327
1522
1883
1183
452
817
2363
507
2229
1447
1939
553
1392
866
253
2054
267
2053
2369
1863
568
72
1298
2016
1473
411
724
2385
1588
1722
1161
1326
789
181
1804
363
926
577
1467
2251
985
2115
1623
2071
696
70
1744
69
1070
376
2244
1555
570
2350
473
2000
988
718
2317
1203
161
832
671
317
108
2147
1274
1121
516
49
164
1550
1733
1505
915
28
510
904
1088
958
2189
2004
176
193
2458
1896
1029
705
1548
2241
1067
1606
1512
1837
787
636
621
335
1808
2450
65
1975
1283
2067
2358
1507
1629
1353
1602
2018
52
1221
853
2028
221
1979
1620
1030
2349
2247
776
198
620
499
1513
1356
1528
1385
863
689
1959
1003
1063
276
204
67
592
1538
713
699
185
1198
878
2091
1763
791
192
243
1867
2255
852
397
1368
657
539
381
1429
1479
1469
305
2037
735
1105
717
1394
378
2003
752
1172
1541
290
851
632
1476
2329
633
1682
369
1424
1652
2117
2154
2026
1269
497
2348
23
2083
1537
664
1064
917
2092
1234
1223
286
1805
1668
340
2425
842
2464
1632
1664
1001
1265
1134
19
1539
2034
506
2069
126
2142
196
170
745
541
736
119
269
1197
1406
1062
2022
2460
1061
187
1777
1861
2176
2100
224
2183
1053
1249
2468
1802
262
1530
1166
1953
1752
2266
1018
1416
1653
737
936
2442
672
1230
2415
63
1828
2146
662
1786
1427
130
1941
1986
2164
1095
1336
1717
500
1918
2308
264
2157
25
102
1672
1729
1440
1301
249
308
1764
1593
1952
1045
1874
595
2174
1434
912
1324
1583
222
1619
1182
2194
1307
2133
394
1891
1050
1211
2303
1545
647
2399
282
992
322
195
714
31
2319
1865
287
1757
587
829
2408
1157
2355
2338
252
1167
1210
729
2421
1715
1381
421
1853
1520
1089
1072
2265
95
1417
1470
533
1556
1983
1827
1594
648
1584
884
75
524
1535
604
627
1449
1608
1071
1132
1592
1414
1478
51
773
588
2170
2419
1884
1420
2207
2400
1836
2165
166
2331
2031
301
2405
1648
1007
1199
1585
1708
1846
1779
238
299
1058
1159
2340
399
690
2184
1895
17
798
1785
1977
808
999
1973
390
1428
1689
643
503
1472
1995
1964
1566
981
2014
1976
1272
1743
1125
2304
2118
1100
0
59
728
681
472
1761
295
183
92
2311
2368
651
1315
916
2006
942
1494
184
1130
659
2252
2370
1772
1882
1475
391
2060
1178
1395
300
396
1241
1323
2167
790
1784
750
1753
9
1363
486
230
1742
410
1552
206
2186
283
2010
762
778
2389
213
767
2061
1993
220
485
426
1450
1842
814
29
1643
2461
110
1625
2445
1894
174
580
1575
1713
1580
430
2455
227
2001
1347
530
1532
980
2106
2440
1435
1101
1771
1127
758
1661
1798
1574
609
1379
350
566
2025
766
1680
1348
2295
205
1931
1568
1382
1911
641
1621
572
848
1806
1075
2245
2090
1978
2302
2467
1399
894
565
1635
2084
1834
2116
2050
1688
1129
927
1914
1153
165
2015
593
1573
730
64
2447
1527
1257
258
820
304
242
901
2233
1024
225
961
2272
1302
1162
2459
284
1634
661
1868
972
1815
1031
847
1578
1794
289
1143
666
479
1776
388
1232
1359
212
1901
380
537
749
311
71
1702
1330
781
1085
1028
984
612
1008
1458
1238
835
2268
449
58
168
1284
1879
2043
1193
1734
2208
1407
2075
215
1012
104
1078
475
734
