2216
1386
1835
1796
2322
2087
2332
901
2146
2241
2473
1679
498
1558
2259
227
2438
2148
1801
1098
514
1983
1041
347
1937
473
1367
1534
1435
253
1958
1701
2179
2305
1577
2136
1681
845
94
4
2037
1447
1419
272
1198
651
553
2278
1115
2337
827
1123
1895
1508
427
79
1972
2111
1191
1346
1580
13
2394
197
137
522
2194
512
1149
2061
1157
157
2255
1827
816
797
606
2123
660
96
421
497
818
582
1373
1466
982
1078
1670
715
628
2321
2080
856
2454
1736
2275
248
1944
429
90
1216
16
1829
1324
2171
247
1575
2392
2295
147
726
1369
536
359
477
1241
1690
1406
1843
1454
1463
2404
1007
2430
939
2432
92
2468
825
1026
2249
887
1294
136
511
230
585
61
2333
1927
2294
1756
1032
475
2154
173
719
1683
1529
1607
1608
1038
1464
1042
99
2055
1705
1606
264
803
734
2150
843
1223
1997
707
1998
398
1510
1759
1749
1446
275
1111
2019
1689
28
2424
1297
1740
252
2103
969
260
897
138
1277
438
349
1977
188
1859
1652
2100
1826
643
2053
1637
1946
1278
1533
2158
2023
1757
235
1957
1556
199
1279
1088
649
2215
221
962
1164
1891
325
10
1517
1896
1729
891
1468
389
65
1610
1790
1561
960
1563
234
1585
1805
1975
494
2236
997
587
266
2189
1837
1573
597
2393
1396
2140
1971
1131
1803
2246
600
841
38
116
1718
1806
424
2341
534
857
866
1304
1991
2104
2134
552
2361
1664
2068
295
689
1633
2251
102
936
1650
1452
666
2320
1288
211
1261
632
1565
874
519
1004
1280
1214
575
1853
1933
1911
2383
1511
1850
232
545
1571
2240
1549
1623
729
1828
1617
1984
336
1190
942
468
1364
155
2176
278
1054
1753
2025
596
1119
1643
263
2479
2007
436
476
1285
952
636
2453
441
2021
1308
57
467
2344
2318
224
454
2418
1317
2358
1158
1842
863
412
194
189
60
334
1924
1852
2221
2267
789
2219
453
233
124
287
2033
1235
809
1912
1484
480
54
390
881
2470
131
1897
6
2480
1522
894
2396
1226
590
2437
2277
1178
132
584
382
968
1848
144
2124
1890
1267
195
106
1793
849
776
2258
2204
1899
1609
304
501
604
2351
98
46
1525
2177
2334
2272
63
1906
1487
1101
215
565
1540
532
848
992
1812
1601
1077
174
1821
2172
1051
1330
1172
2405
1425
1712
941
433
1527
2028
708
1423
2059
1711
807
1945
932
853
1081
1707
2356
1166
767
828
2225
2118
1066
1528
2128
945
682
245
1030
2008
2386
455
1156
2212
2475
1545
1918
1844
464
1979
1907
2378
1203
1392
1788
2096
1538
2230
367
1150
2308
991
319
671
2327
1507
1521
2256
2355
300
1779
569
824
1242
2331
934
2449
1469
86
1291
1882
1864
2279
1109
1589
794
661
685
2415
674
182
306
1087
1863
1551
225
1833
284
1769
746
1128
1482
1338
2338
2264
2175
1197
1085
1597
1595
1118
447
1027
81
947
1012
1437
1043
33
231
1808
200
889
1448
654
1531
658
1329
2397
504
2382
192
1421
820
2075
1151
1923
2481
2252
1021
403
859
2326
2445
97
229
659
951
704
564
2120
2362
405
450
302
1978
2126
357
1942
2095
1823
1015
2170
832
335
175
904
2425
2224
1225
602
168
1255
1360
148
953
1834
662
1209
1878
1951
869
2301
2040
2193
1635
2421
1866
2243
1311
1483
2043
128
1148
2443
1815
1767
1354
706
2245
782
1161
837
42
18
1417
1501
1929
765
2342
804
648
1968
917
2121
72
2081
30
1195
1865
1614
2145
1293
2291
1783
2380
1810
2101
2005
914
2222
1357
2203
2125
377
303
1298
743
624
1296
709
1112
376
64
1350
45
1620
2427
896
1069
187
209
1760
1700
1374
391
172
696
129
1660
1599
1684
1539
80
1680
1400
646
2237
1576
1405
613
66
1856
679
141
883
775
1491
291
912
1102
2455
1089
1475
756
1170
550
411
1479
1055
1393
672
1922
432
1725
1181
111
2026
2367
343
1804
608
2257
637
2006
1884
839
1444
265
1234
1451
1415
979
1162
1634
2072
330
1569
1555
862
1889
835
970
1090
1031
683
758
2160
1953
2163
2283
579
1695
366
1564
1200
1408
2135
1776
1439
1661
401
2307
2463
1663
1129
257
614
836
2011
1196
1925
735
1259
321
1970
1817
1219
1319
751
2117
1989
1100
1260
1636
337
1079
2451
543
1849
513
1847
801
563
493
1698
1699
1818
2281
1930
698
1493
1474
1513
918
491
77
32
380
2346
1845
1902
1009
1851
1434
276
1671
294
515
1952
976
184
208
1603
1140
995
2446
2349
1630
680
2312
1381
1499
1075
739
414
1765
2091
1275
2093
1380
1390
27
2369
256
219
716
346
331
1313
1737
1476
2389
139
122
956
1602
1341
1459
1095
1721
1017
1574
2098
949
462
333
1458
1207
481
134
2108
1403
2226
747
2323
1940
1675
1746
2287
875
1553
2466
360
1355
44
1535
1791
910
311
2440
1096
434
1114
1694
1726
753
2371
1696
1961
1331
1356
1964
2435
286
1502
1802
1592
430
1631
1397
1583
1822
1764
2056
1126
166
2010
1512
559
2191
736
2262
1543
1348
258
2360
1472
1872
1093
82
1778
544
2132
802
2094
2365
485
452
2083
876
1840
702
1489
1371
2270
280
710
91
1754
1653
372
1082
1388
571
1858
1314
1914
1378
2306
1300
1008
2192
1074
133
1974
2041
110
2223
686
1375
271
788
2114
2002
2458
1282
1832
1542
830
994
2196
1376
1883
435
733
780
826
2250
394
629
1416
2400
786
1171
872
1547
655
399
1394
1955
408
961
113
262
47
508
1666
1057
821
742
2387
573
9
2428
665
1389
1104
1750
1384
1649
1067
495
907
705
1588
49
2066
1252
1222
58
193
2234
2231
1506
1147
946
1336
1142
652
1122
2375
1422
354
581
26
2141
1072
1706
1461
516
1320
203
546
635
341
2399
270
1337
1108
323
669
443
2276
1988
1325
792
216
823
484
2195
299
1562
906
523
2030
2229
1885
1966
925
1453
577
2248
1503
1480
1548
1931
2106
2347
2038
667
770
1103
903
1193
1246
1232
2402
2060
549
607
2067
1192
320
663
153
1590
1086
1117
161
1789
466
1465
1673
373
316
20
152
1795
2207
1741
2034
1070
878
1478
2166
847
2049
1326
2354
381
1116
236
1727
2444
557
589
2077
158
431
445
2328
1370
279
1365
521
41
2422
1876
1023
1428
1734
1177
159
1546
457
1814
1160
386
2013
580
218
214
2313
149
2084
75
799
2173
537
1107
1713
353
1879
1490
815
2161
1905
1034
645
1409
1438
2109
2476
1005
340
1515
668
274
1775
974
1830
