443
1011
1944
1217
1141
2335
113
1179
1951
1060
159
624
847
2247
1508
175
2059
904
1330
5
2261
561
1386
364
2440
1789
2463
2061
713
2030
2311
169
1296
1906
1138
1581
1204
183
1801
1549
901
813
2099
1473
1983
1845
1285
2322
2119
2133
1853
2281
868
583
1226
1202
2043
2029
572
1704
1893
344
1315
1048
278
966
2349
764
187
1779
1131
1149
290
1784
340
1308
121
986
2346
1489
1712
1583
249
1509
1276
1695
2296
758
2372
1593
435
892
1020
408
593
282
1553
952
1119
350
1710
142
938
311
1781
1099
1711
1589
2300
2249
188
1931
1460
492
1394
1469
1960
1331
157
1566
1452
439
100
756
2398
374
354
2363
1949
1034
1516
718
1180
2198
2258
1720
32
1821
959
2390
810
45
2214
1802
805
761
22
829
1724
2310
247
1052
1338
44
1719
2480
1233
1964
55
1022
2263
1375
1927
2251
1081
1374
334
144
1220
1900
1369
957
741
611
377
828
2331
1684
2289
298
566
1902
1988
226
1161
711
1814
1826
921
1410
2288
1446
1318
1866
679
106
525
2257
2004
584
1171
1475
883
2201
671
1431
2388
2096
294
2337
2377
321
1932
1709
2095
534
31
196
1672
2032
276
1089
1611
2090
480
85
424
133
2333
2158
2317
1535
2108
80
1455
2282
683
950
2044
2400
1366
747
1790
1717
420
2343
1113
565
2168
1228
806
954
1472
1740
255
1621
1082
545
1018
642
2479
511
1846
2326
1064
268
356
1333
787
2069
1275
1694
244
1892
1926
2467
1822
1783
1520
2354
1859
766
1698
1877
686
1342
2276
873
2009
454
772
1552
1118
843
2170
237
592
2161
1334
746
1300
719
412
173
559
353
612
2410
933
1376
1836
47
2422
1288
1295
994
357
967
1887
1474
2120
528
165
1263
4
1283
370
2448
1850
1551
1213
2446
619
1242
2483
2313
620
2450
597
2173
458
472
874
870
654
1811
1360
920
594
185
1600
1563
1530
1780
2355
1036
499
1320
1938
1543
1215
1769
2397
1587
961
1450
1921
2280
2293
1681
2110
2124
184
899
1854
381
2088
178
1293
2373
1039
2190
1856
1804
898
1953
385
681
2436
2352
2290
2195
1363
1722
537
459
1477
452
488
286
446
131
1582
409
1630
1498
2040
1596
128
2473
947
1542
1604
666
1068
2081
1132
2106
1079
1617
1382
626
1867
345
1274
429
1727
1524
1707
368
577
1599
1209
258
812
991
1441
1701
1673
1979
2079
2098
2252
151
267
1758
1985
51
101
2305
2250
1920
1175
1925
1864
1088
571
301
2105
2204
876
1950
922
1307
2269
1424
646
587
979
1669
526
2403
2429
1249
581
197
2219
1541
1641
527
2449
1482
546
944
768
349
2171
2468
2012
1844
927
576
1189
1527
660
1546
1448
1488
2362
776
928
1006
2036
471
1101
1014
2154
1904
1795
2166
799
2005
495
635
46
209
798
1494
150
1124
1062
1767
1752
862
71
1742
1221
956
1332
259
819
1335
250
1336
887
973
2378
942
1568
562
1304
2279
413
2157
1743
1824
2
586
1670
2451
972
932
1827
1592
2224
1187
1362
1914
2238
2384
1715
1703
27
1728
1245
826
1657
1387
405
1309
2134
391
2386
1989
2358
854
963
2379
83
1796
0
1721
88
132
77
167
1040
310
1144
1539
1023
1540
137
1741
825
1121
631
1210
690
852
324
323
1229
1442
964
2035
2002
1521
509
2273
2026
1840
2070
2188
1104
2015
64
460
68
1157
2442
1248
2145
1619
1786
2122
730
1862
1834
1504
56
125
41
1147
1345
387
214
557
1367
1126
1395
1746
227
485
389
881
421
447
708
2364
102
1661
1653
1971
790
729
352
1122
28
2240
824
981
1774
2402
153
1506
987
266
1371
2338
1799
2389
701
2437
1690
461
1317
1537
1073
2241
2421
1385
989
329
2019
866
2025
2415
1107
1108
2083
2444
2227
2298
479
1597
591
971
1791
2082
1532
2078
1091
2455
1564
875
1406
1354
2266
2365
2334
271
2295
507
1316
414
1260
1218
43
607
634
1085
1357
1066
1134
999
1456
748
861
516
1411
158
1227
974
469
945
1941
1476
2050
1237
2270
386
1544
2441
2278
333
792
846
2221
503
2370
777
568
1047
696
2008
524
1339
2023
1633
2147
1114
277
305
552
1658
1675
1883
627
1733
983
1965
2264
1384
1663
900
1407
2042
343
1024
650
180
1923
893
19
1982
1629
69
2316
2222
1586
1571
489
1444
105
1425
1505
1725
2206
1192
2052
1230
1368
2132
668
953
2350
2045
2374
1130
1956
1135
1234
926
1139
1280
2027
759
2357
162
1061
213
2394
1050
2199
1071
1194
1761
436
1029
664
1659
1268
663
823
2048
2218
2348
1626
186
1847
1044
1049
1550
280
1612
440
1500
1656
326
644
1991
1208
809
542
360
1788
1930
1031
1038
1388
1819
444
745
2265
1436
1086
1278
1244
598
599
731
111
778
211
1576
2208
265
1869
1787
1577
1478
331
1517
1755
1097
1063
2277
373
844
394
1440
437
314
470
232
1966
1092
2172
262
1907
1776
564
2085
2325
1648
1372
1674
11
1919
891
2226
416
36
379
251
2024
817
850
615
622
1216
678
2031
2459
2142
1523
2471
2203
1839
1240
1028
1211
1945
606
263
633
780
1580
896
79
1837
1145
1310
1266
491
1526
1545
535
431
1602
194
1972
53
2211
638
616
2000
1631
2128
763
2413
1794
67
2216
1417
1464
2210
1745
2117
781
1518
912
1615
217
1606
222
529
884
66
1918
25
1236
1257
1112
1413
1251
1618
1077
2233
1868
2022
1595
2407
1775
241
1760
115
254
37
141
201
2255
1076
2016
1337
1246
1198
432
1628
2474
2185
848
417
330
1987
2058
2093
1608
233
1567
1168
338
2452
361
468
2342
1282
212
1378
1624
1200
1692
721
1909
2259
569
1716
1302
2215
256
955
2244
2375
802
297
1156
1222
2458
1813
1843
17
2478
2182
1140
915
1538
89
548
589
771
130
2160
1199
1569
1026
673
2234
579
2014
2328
1818
200
2156
474
539
207
1365
1429
18
760
839
235
990
1875
2228
2176
1876
239
510
1178
463
48
2115
1148
362
522
2360
490
1235
872
1153
2080
2010
595
2149
181
1996
1730
697
2051
257
863
890
1043
1053
26
135
358
1848
72
835
1299
248
482
1572
415
1169
1013
1325
996
919
1622
103
1642
2068
1935
1105
1806
1150
1635
1286
1487
2136
457
505
496
392
427
1032
2383
820
402
1383
425
104
541
434
1954
1289
1917
177
1155
723
1400
1007
97
1849
2167
1685
1688
1503
1874
1352
65
269
1322
309
168
1259
163
803
1110
2456
1863
2049
2205
784
1933
342
982
1585
