235
1479
1190
678
2107
690
261
2143
1945
49
1234
26
1462
1326
1126
1093
114
2075
1931
101
408
801
1021
747
1208
306
222
1360
263
1060
2043
2451
1241
2251
2389
2317
2413
1958
1273
437
124
1775
1481
127
287
375
423
876
2343
65
1796
986
1649
697
1729
169
2007
93
1298
1198
1517
1066
1833
1983
1579
1341
1075
1852
859
793
2482
1765
1334
1280
1989
1717
72
1586
1401
976
267
2211
1422
2044
454
2039
514
1707
1561
2183
1213
378
176
1925
156
206
2456
1344
1431
919
727
429
250
1238
1846
2345
2393
1501
2469
954
309
2324
1103
1575
382
489
1857
2114
1377
1757
1200
1507
128
1962
1237
367
741
1633
632
1416
1500
1216
937
1593
1010
1007
975
2256
138
1147
1027
1226
1927
1045
587
1136
928
648
606
2280
1751
613
2080
809
1165
1920
1485
864
1711
2296
1874
523
1311
175
964
2333
930
1612
1059
370
892
1860
2098
776
1176
1604
1737
686
1369
442
1175
17
1384
1257
1098
682
609
1363
1562
478
589
1287
2186
363
1851
321
430
565
149
693
2446
665
2210
626
377
2322
805
1145
521
2305
47
1725
1271
814
40
1281
351
634
160
2453
106
412
2116
525
714
1635
1815
1072
1754
179
327
569
393
1161
1912
1391
1080
2216
1207
1797
336
1743
1079
68
507
792
823
592
1607
1028
1224
1941
1074
188
659
2220
1076
719
39
122
853
1654
584
113
291
1758
386
2391
2002
178
2266
1426
36
2441
1162
1180
1581
811
2238
1798
1421
1885
1464
1596
2079
1744
758
25
2406
1024
92
2057
236
796
1976
1483
2124
289
1704
2278
2421
275
2246
1097
2400
2087
1923
41
1940
2364
911
897
1997
2145
1769
2174
2109
1513
888
362
480
566
1023
2008
1790
720
1192
460
166
144
1585
1499
1594
422
2353
605
1929
933
2402
1614
2265
780
905
802
630
411
474
369
1837
1308
419
808
1647
2468
492
1807
637
1523
1239
998
2304
1494
9
969
1759
884
2449
1016
1256
1418
1285
1629
2181
1127
1706
1035
1448
406
1778
173
349
1880
952
1930
1055
1626
1440
1014
1385
1329
1960
2030
133
1502
699
1658
31
1882
2214
490
2455
2058
120
19
1469
1786
82
1970
352
1496
1990
1639
826
537
1048
1943
1051
485
1169
1187
1544
768
2224
1816
1356
1487
1022
1779
586
1388
1572
1643
1570
914
904
1640
1701
495
1597
2077
95
1686
2371
241
2151
1291
1325
2420
839
511
1812
59
1331
2241
91
2357
1330
1195
2287
1225
2384
2024
1107
1689
1720
963
1359
404
1042
790
2003
2093
1003
847
153
1537
330
457
1092
2447
2432
1648
1117
2142
1313
245
2130
338
862
1160
214
30
1763
646
558
1965
1370
520
1498
2105
123
922
865
73
2068
966
1877
1599
1728
43
1551
61
204
499
652
2376
2325
2412
223
1514
800
331
307
955
595
1292
198
2411
1373
1690
1791
1458
1935
1005
764
2196
410
688
759
262
842
1794
572
1617
2178
722
2431
619
2167
748
1676
990
2197
1480
1974
1217
1516
64
2023
381
491
1025
860
618
945
653
1167
63
468
312
2112
2025
180
1605
137
1587
2368
2229
1335
55
1897
1716
34
1138
473
574
100
891
2436
2240
1191
361
1396
345
2315
157
852
857
702
1618
1436
2290
243
762
7
691
1371
2230
1726
111
2064
1352
1687
1609
999
2101
1019
1108
193
1390
1532
2166
194
94
1578
1518
531
2351
1520
1478
1233
293
284
1530
2117
501
2052
1615
1662
24
2020
2212
840
1215
1427
1881
79
2417
1309
645
1099
591
724
2292
577
1424
2276
484
1314
797
585
692
52
2152
2243
2147
1890
1799
1393
617
2253
99
1651
1141
1246
1452
493
725
11
1592
371
1227
1357
2373
1437
2439
1557
97
1827
2269
2285
1221
1113
2445
388
2236
1054
1404
1641
1394
1548
1870
1432
1697
248
2433
887
2472
765
1263
343
2120
2019
445
1821
1397
314
1324
2355
958
1105
1722
1622
418
1134
415
334
766
2108
557
1460
2200
540
2084
1477
2163
1519
332
869
1090
2123
117
559
970
778
1013
475
1178
1525
247
548
1435
1732
2329
1904
920
1591
1876
1350
621
310
753
2448
320
449
547
392
1120
2071
1084
544
98
763
2182
2262
2415
635
683
2361
2010
1289
551
1531
1219
1186
2201
777
2125
308
1956
319
103
1152
1638
2248
273
664
1251
2027
494
2283
1389
644
2249
56
1542
1787
890
1993
1695
435
1546
1511
909
2029
1675
1235
849
868
1996
360
2424
1196
45
737
1038
830
705
2037
1158
4
140
1730
75
775
481
1968
1776
1999
6
771
985
810
734
2137
1830
1714
1655
1567
1768
219
1015
1656
1449
1667
208
414
239
66
1957
1528
347
365
674
340
1100
1886
2065
871
1319
1277
1785
1842
2034
535
486
813
760
1269
2198
1671
1
2454
529
588
1348
1070
1140
698
817
1067
217
1896
1321
543
428
2303
2297
898
903
1252
1456
1071
431
1564
1582
1095
673
488
708
1623
1809
1734
1670
660
1844
908
3
2348
1211
2464
80
1202
135
53
1771
1952
1961
2154
1033
70
1491
2190
1378
1914
500
610
1883
1972
522
666
1783
2180
1678
1461
2288
879
1616
710
2474
1719
1104
1089
2405
2106
1907
2310
2452
1086
627
1584
2022
2264
1512
1977
787
254
834
1761
818
2228
48
353
1135
145
603
2475
1032
1549
2372
372
1627
397
1619
836
2250
108
1814
2005
2399
463
201
1177
1653
1282
875
894
376
2416
1490
2463
2089
1959
2422
2132
441
1606
1379
1174
742
315
615
701
136
212
867
271
126
459
948
1364
1419
1146
104
1185
1536
62
1938
1069
1746
368
2021
8
2397
452
889
2195
1149
684
2235
1847
935
820
1306
579
1636
1442
2328
2164
81
1898
1731
1735
749
2381
2481
616
2273
1142
1230
510
195
417
2073
2090
171
1736
843
58
2312
1044
1824
1189
216
1320
1029
2049
2085
1834
88
1243
2470
838
1375
2239
936
1094
2350
1522
1749
1274
1470
2289
1700
1908
190
462
1867
209
346
2081
1820
1163
1261
2344
994
1047
1040
439
2046
244
1223
2047
1159
1466
2435
1061
1823
151
2434
604
1723
465
1727
668
1986
855
1817
1182
1472
2396
1468
1664
1774
482
251
546
2428
1473
2127
1128
661
444
1878
1504
1232
1832
1300
968
2321
282
1634
1259
14
2035
2401
1550
2050
1078
234
649
1157
971
704
1355
562
1091
1372
918
390
1415
1125
545
1214
469
1242
258
163
1822
1050
2461
815
396
980
96
2042
256
1693
721
1026
901
789
