119
1614
686
1904
581
2345
1302
653
1885
228
1550
1125
2033
1145
1637
985
134
589
1707
1367
1513
1732
1414
536
2167
425
1041
2418
1962
2054
1212
2034
14
2099
1186
1965
852
1774
135
1653
918
1705
1644
804
717
145
1567
47
520
41
2357
1997
1214
1553
1718
1761
1477
1404
102
142
1839
65
53
2187
518
2412
541
2401
1250
173
2397
2202
470
42
1516
319
278
950
2365
935
699
1046
260
2003
437
17
1596
787
562
2374
1144
994
1162
971
2154
1375
1484
1378
2326
360
1324
1743
626
2111
880
486
2314
412
1360
2276
2064
1117
2434
2164
1677
2068
12
1455
1991
162
253
1522
1990
1647
1631
2301
1935
1151
101
633
1867
1297
2402
1314
1239
1953
193
888
177
1776
52
1344
1197
1739
1179
2091
1650
2320
1729
1815
617
108
1307
147
1529
1328
380
2255
895
1565
1486
592
2295
2012
1641
1300
469
472
807
862
2116
1383
539
310
453
428
1252
2465
759
1120
406
674
1092
1236
608
1256
967
705
700
281
1497
2351
1773
1293
1611
691
2194
1131
383
258
896
2120
1493
2415
800
225
2373
271
1327
639
2180
219
1956
2227
516
2428
630
2334
704
1603
1105
389
524
1309
1390
1423
878
1052
338
313
1660
2161
1928
989
252
1471
2177
1992
1898
756
2248
973
1001
1356
532
1407
1091
791
778
7
1877
2300
1952
1223
767
1235
2457
1284
494
1352
933
594
2258
1706
395
2281
694
2170
1042
2007
615
588
1873
1301
233
1535
455
1748
547
452
55
1724
1934
814
2122
810
1856
1561
1242
2149
984
875
1224
1502
2199
782
324
248
1755
809
1320
936
573
784
2338
275
459
34
1698
171
758
2080
1313
1279
934
769
1692
1444
226
1112
2093
1261
2331
953
2168
1874
1191
299
1664
1639
903
706
1182
133
894
851
1295
405
2458
983
1009
1071
659
1470
1116
1598
1338
1914
161
997
1234
375
189
1727
2437
30
1528
679
1205
2208
771
238
1097
724
1570
1181
1884
122
856
1025
754
392
2470
582
1373
642
1786
1813
671
60
2087
2378
2146
1779
1864
1700
1710
1104
777
2231
1278
1492
2062
1678
1326
1193
1804
2438
1608
2042
954
485
975
199
418
1188
1096
1174
1355
1656
121
2109
1838
273
1036
422
444
181
1010
1735
232
2176
496
19
970
2098
722
1038
1847
913
2115
1319
1264
1187
2260
36
622
44
1114
1625
1712
1733
1465
157
890
2230
1115
369
1137
1135
2468
1765
1800
2451
2102
1433
332
342
750
1312
1630
396
908
2011
1532
1738
1871
930
1711
2232
438
1731
1752
614
2148
1923
1082
1503
250
1853
976
2155
1016
2377
2083
1142
401
1449
461
859
2480
977
598
2182
2267
1588
916
914
218
511
874
1184
296
2190
1176
1507
2293
911
654
2290
2328
1281
1746
2272
1795
575
1855
1827
558
1975
1200
2030
665
946
1056
2339
631
1970
1073
2100
172
712
2236
1921
79
1932
1581
1586
1262
2004
2050
1161
2460
2124
368
1273
391
348
718
347
2075
1784
1259
945
776
1723
344
1917
1860
1757
2174
1634
1890
93
1517
2394
2101
10
1419
1231
56
730
463
586
1950
503
2340
402
1609
439
2046
1593
648
1087
2359
1106
1907
1107
530
818
613
117
286
1185
1697
2354
669
15
823
1369
1629
1809
2386
25
799
1361
1138
762
2198
1785
1299
1568
3
201
690
1892
1766
2162
327
992
1072
263
708
1933
1340
1943
1913
1413
802
214
808
2417
892
2440
774
2014
1475
1456
1204
351
1122
1936
2123
73
2186
1605
2079
2410
1726
2245
480
1772
798
687
868
216
1555
822
634
991
697
132
2038
1742
727
966
745
1922
625
1589
1849
1333
1538
1595
6
1220
1065
1387
2237
407
1601
676
2035
37
2073
1797
2126
2429
2296
2264
1584
1908
1126
1579
2069
714
1669
568
1337
1064
1248
1283
764
793
1771
567
1883
2454
1061
1999
57
2118
1335
2089
256
198
1463
710
2222
221
1294
961
2280
385
1807
23
1909
899
815
69
111
206
1621
1574
63
1672
925
1289
2070
1668
314
795
811
842
698
1421
1840
937
1159
2056
1049
2136
1086
786
1818
1472
2039
1435
649
1763
475
322
1894
2158
1150
21
1812
481
790
1836
886
2022
912
82
1657
2423
457
1074
549
2462
2303
1666
1280
2251
546
927
943
2259
467
255
2121
345
2246
1959
969
508
1298
1359
1241
817
2409
137
1946
2150
797
729
574
2238
2059
27
1237
1058
1888
1021
1543
2406
816
963
59
2270
303
1863
203
2044
243
1954
1453
80
1203
2090
120
2368
432
2210
956
1512
621
981
871
224
154
98
1397
471
212
144
1582
2466
1613
2165
1500
813
623
2356
682
1793
419
600
31
1368
1060
2404
2195
1201
1012
105
2204
1984
1509
2427
110
1311
620
1587
1398
1395
2329
2464
1198
1425
1349
1539
1119
1282
128
670
1067
336
1437
1079
2209
2332
1652
1057
1794
1658
291
1266
1090
107
1286
1817
938
1270
2419
1291
2028
965
1380
337
1905
1325
1985
1342
1903
1304
1557
1
2141
839
599
316
545
2379
505
1628
2347
156
1612
33
1442
883
1941
1597
2175
2474
454
540
361
1160
209
2388
2473
1676
824
284
2130
45
384
915
542
1358
372
2010
1032
1576
577
1906
2105
2017
1002
175
2244
2288
2399
678
272
1751
1496
1939
1684
1263
179
1417
1330
2478
415
2322
1431
1646
951
1249
1438
1030
986
2453
290
736
1156
190
596
1979
298
1703
266
792
287
321
882
1230
2092
394
1835
579
1554
2107
519
1506
1791
1480
605
713
1695
91
259
2156
127
1271
500
656
1719
1418
1424
1854
755
302
1920
827
2188
1949
2159
441
1960
1816
2108
955
1624
1180
2234
39
2294
1044
974
770
2341
46
543
1881
828
1217
643
1850
99
1089
112
1969
416
2078
560
2483
2481
140
54
5
1494
1829
873
2262
357
1947
2071
1024
1642
1432
949
848
1623
328
376
748
1022
993
468
652
1209
1592
465
184
366
1080
354
1683
2006
996
1958
1986
186
1916
1814
1178
897
1098
423
853
845
1886
1764
2063
998
185
515
1716
684
1583
680
825
1014
1622
584
832
1084
1006
1422
2475
821
2032
1451
1140
363
1109
1661
301
0
735
1245
2203
227
2425
2117
165
429
635
2330
2396
1469
1961
1464
143
2455
1841
2358
2189
2364
2179
737
242
820
785
1068
2249
431
1590
1219
692
1788
1615
236
1402
2447
2376
2315
1005
1882
1870
86
1070
1783
1350
1638
999
2361
315
2137
2138
1111
330
1987
701
1420
846
1393
1371
