1499
14
633
513
1035
1891
924
1695
2481
694
25
2472
1432
2386
1747
40
2212
1813
928
2304
1014
1937
637
908
2311
674
2356
1803
765
1999
525
1565
715
2392
673
2007
936
2227
1093
90
1145
1718
2217
1633
2081
505
2267
947
2120
786
1226
2262
1693
1169
20
1377
1300
2237
357
914
146
831
313
900
1418
1700
678
1823
94
7
129
1673
2484
2107
508
1578
940
504
1372
2279
2096
1192
1008
284
874
2482
122
1398
26
758
132
2160
573
642
2155
1126
227
2261
1408
1725
1950
2082
1368
1611
474
975
610
639
1342
741
1198
1240
2461
1594
235
431
2417
1735
664
2418
1982
1782
1599
879
2450
2117
2255
2030
685
1925
1154
1694
1730
1243
1968
301
2297
1123
1827
1167
1151
835
2020
110
826
2240
554
137
1122
1967
326
1338
863
4
599
1740
1330
1771
1819
2060
569
2165
180
268
134
1642
383
2253
1374
1676
1278
405
1277
318
1828
1031
2010
1125
2403
1657
10
478
119
427
222
231
814
1792
769
1646
788
1034
359
731
369
1851
1772
1954
414
2329
1331
592
994
1514
2089
1282
1465
520
1299
905
187
85
797
1219
1801
559
479
1099
691
2364
2009
236
903
214
2377
1932
2299
6
1789
1050
76
433
1026
2414
347
640
1830
1181
2383
937
463
320
34
1006
2054
2300
388
38
1848
739
2271
1165
1586
2466
1775
1783
264
693
1378
462
1983
153
969
803
89
1512
2476
2105
950
78
523
1853
1558
152
1124
623
1958
375
1121
1886
18
754
1322
655
1767
1076
1412
1162
1321
1082
1078
1943
2283
2091
233
1210
53
2200
293
1029
2078
2073
2055
1308
77
1873
1530
2052
2199
670
139
246
1898
489
44
1880
857
213
1812
1390
1272
785
1794
512
899
2197
2246
619
2144
987
2003
2285
687
880
1264
1759
586
1596
485
2433
2123
1136
1366
1133
1040
751
1870
92
1525
1039
1166
1182
832
1577
172
612
1261
2451
1928
779
1683
998
2021
1356
424
1981
703
895
578
241
1883
1858
1184
361
1478
1155
254
2470
627
1601
1234
535
516
782
2292
1232
1833
953
1490
417
1686
552
1687
763
2141
816
1335
1677
145
1157
1172
834
784
1072
400
770
2398
1302
1754
2029
2178
1840
2447
1387
1756
1084
597
2296
638
314
1350
1545
790
910
242
1911
1340
1022
1201
1991
1298
2436
167
188
140
1644
2322
2169
376
1301
1520
867
854
2458
1303
1150
2282
706
2369
298
1275
1984
1081
1550
1450
307
2097
511
927
1540
156
3
1326
865
2179
16
1834
2057
143
522
1284
2471
1287
1688
2164
1142
1505
671
261
935
624
1470
1713
176
2111
1375
2134
2397
1365
1541
738
162
2380
1074
2394
1496
1180
745
283
2454
1191
2098
1453
2341
1921
2234
549
1702
581
482
1442
1392
194
1758
410
538
1362
2048
1454
230
2379
1690
2365
2309
1913
973
2174
1535
1510
48
346
1994
1421
942
1532
2103
1410
1436
1489
1045
1699
1475
676
564
491
1915
1090
1484
1176
1664
436
911
195
1697
557
1459
1445
2463
1289
488
898
2457
1217
465
1379
1501
884
844
2344
1901
444
490
2320
1859
563
1107
2449
257
714
200
219
1785
1307
1638
1681
1425
421
1837
558
2410
468
1555
340
697
1002
2084
1120
1419
1337
1209
31
281
1385
2051
2335
1679
265
215
2180
287
570
1139
1788
1709
155
2276
1592
2416
483
62
1296
2087
605
948
652
1229
547
282
1086
1786
1212
1183
1266
1286
237
1420
358
1896
2250
2248
2196
1464
300
1281
366
2132
2254
1354
1716
2347
93
2249
555
904
1602
154
291
2152
165
1448
766
2402
2161
1206
954
1897
2330
1583
1899
1584
1595
620
1440
740
244
174
2362
875
2014
420
150
1426
2112
312
2239
2176
1428
1351
495
2071
55
709
407
1480
2350
2115
629
699
1908
422
311
2138
434
1661
1060
271
1346
818
1386
1010
1494
2022
1769
2352
1816
551
546
192
238
979
1669
791
2469
1714
1067
99
2000
351
2099
1971
736
509
956
2274
1147
1748
902
2129
2034
480
1324
723
1843
2236
1353
216
2423
2036
519
5
1808
632
2116
449
2150
466
1698
317
477
158
1411
926
1311
1255
1414
2400
1371
1066
1238
1989
986
2327
1477
529
1620
734
1942
1415
781
350
1295
819
1055
1647
1552
128
2056
1752
438
1929
1712
2222
1064
1790
1770
2251
1235
536
1190
2412
245
101
2215
2317
1383
2153
1591
258
2063
1962
576
2101
1618
2102
1152
106
2321
131
1130
1497
497
1539
2409
2069
1381
450
1715
1394
1370
484
61
1241
234
1940
716
1703
161
2068
1543
656
2135
308
566
2323
1588
2408
1328
615
348
2477
840
617
105
824
1100
1267
777
2351
1274
1025
1610
847
889
1116
464
1941
1585
1009
1195
70
2265
704
1922
1916
608
752
1781
316
2312
1456
774
2456
877
1280
2235
949
1992
2480
1320
1317
2125
2298
1283
931
556
178
1101
692
568
1630
1013
1842
813
1787
353
2269
829
1854
2076
2419
1032
212
1563
1569
1227
2181
532
930
2366
658
1538
273
802
1628
2225
1580
1844
1670
1536
722
1881
1518
330
1701
789
288
209
1015
1805
2151
1945
41
1972
1900
1766
2113
1519
2226
848
1717
1979
618
13
1023
390
1189
644
635
978
1037
1663
1024
1961
2061
657
977
1762
49
251
1529
1656
951
636
159
990
199
661
1360
86
585
1221
2439
1444
2159
1867
2291
2133
721
1523
988
354
2452
1199
654
74
643
1491
2006
917
806
1197
1047
1131
1582
1546
371
1724
1038
855
596
1737
2468
2064
1894
88
2243
1831
1304
220
1935
1909
329
1742
2028
1874
1233
607
980
1706
983
1923
1666
1349
1866
1605
725
588
2205
621
1951
1004
1020
1073
966
2287
2059
2315
270
1590
2242
1363
820
1095
603
1868
2368
604
982
189
2219
1947
2154
650
572
2443
896
767
494
1648
1224
634
1751
830
395
448
1838
893
807
600
680
163
2360
534
967
1600
1485
1850
339
2273
1382
1749
65
1839
2008
542
435
2023
1890
1825
1202
1092
2148
1018
1776
909
890
2124
1310
113
2326
1753
183
1503
2374
243
696
2371
628
1292
2363
1996
423
2104
1159
1553
1528
1127
81
2391
184
2079
389
901
1919
2474
1930
1175
292
1860
1396
2202
822
1869
1132
102
1376
365
302
2121
1621
1112
334
2396
352
963
929
1763
1570
285
2044
2293
412
1049
2146
1250
1645
2119
130
1566
1223
2210
344
772
1506
374
1629
17
290
1513
1236
2440
1174
2404
1248
1285
1033
328
1631
349
795
1960
1102
