129
1355
413
603
1955
1573
1913
337
2073
1516
1076
502
1222
979
1506
1419
1511
1030
966
797
1923
1255
466
825
107
1032
739
1630
1891
638
1899
1132
1556
1815
1697
1779
992
2012
1762
1335
2076
1740
775
247
1021
2116
1484
1450
1462
244
334
807
435
613
929
265
981
510
1369
609
1458
1245
1558
1960
1370
1851
1961
1074
1348
2107
1253
628
1925
1332
1188
1894
953
2092
814
1157
1910
1461
33
1264
111
1738
756
1193
1053
1166
1139
362
342
527
1356
982
1028
68
1229
2086
415
1842
1473
922
332
1681
182
2
723
229
1491
1230
1137
1698
1392
838
376
1015
859
2016
1235
1269
584
205
1071
486
2104
1720
1144
432
1205
72
1732
1365
2046
1780
1400
1414
717
1239
1864
1547
661
19
335
1455
1387
713
907
1270
1643
281
1966
558
646
1575
1331
601
762
2070
1431
1059
150
1957
917
1027
1821
769
433
1513
1742
1055
512
937
1801
291
1020
325
881
227
547
2002
1739
1968
1007
593
599
867
1236
1490
1124
808
950
126
207
634
659
851
10
159
1257
1829
354
1168
1514
2019
1350
543
1051
1632
272
1031
371
1442
1155
125
484
1289
75
772
726
2110
188
256
1996
1445
1734
1682
1176
714
1890
524
1596
2006
1788
1640
1492
1046
1152
2011
1066
1039
685
1057
285
1941
375
925
1040
221
654
1695
705
179
1931
1589
1428
236
2065
1656
660
1982
200
2096
2062
513
1503
339
1963
1810
308
1423
1564
1460
442
352
123
590
1351
1751
1577
1823
508
1244
1617
1343
679
732
1342
902
630
879
1405
1091
980
686
1349
721
776
2101
1956
1258
1388
1745
1655
503
2000
254
1064
220
143
1022
1768
64
238
1374
1984
506
241
830
861
1813
1997
249
1873
954
373
1281
1532
624
822
336
1164
379
1068
1824
1203
1373
1038
1881
1026
909
2079
904
418
142
901
316
1607
2105
655
1560
114
369
1952
1407
890
497
1683
994
235
1645
1004
1466
258
1526
42
1820
1710
277
799
580
1447
1770
1741
602
193
233
1498
395
1712
1592
1940
309
657
499
1867
619
549
2069
887
2028
534
1571
93
145
1735
792
908
1879
932
1979
1383
1693
1981
677
1548
1629
786
1174
2009
1585
1090
95
231
1798
616
1922
1475
46
1077
1566
1282
1717
1625
1658
1939
368
938
2108
175
1886
1570
288
97
1444
687
1989
1122
625
1406
1545
444
548
991
232
557
344
1760
1291
190
777
1003
1094
99
877
1293
1212
445
1755
899
1141
1225
22
166
293
755
536
698
1149
2088
1887
758
1974
1983
323
476
347
1550
66
186
426
1353
315
439
722
178
1690
1083
406
1380
1034
1486
270
209
809
817
928
1673
644
1060
961
2117
882
570
1427
514
483
47
2058
490
1604
1889
730
1859
3
1549
620
1510
692
463
465
2085
374
1654
1598
734
1525
550
65
274
1582
2097
1452
2013
784
2038
1409
1309
1211
955
1126
532
681
494
688
1209
731
1888
1769
117
639
1601
482
447
67
386
1650
1806
1675
1905
1750
180
1583
1999
237
1915
357
852
407
1972
1263
988
509
2039
2071
1666
1906
608
15
552
155
1102
1306
1901
488
1817
900
26
1313
38
1703
860
1818
1446
905
1908
978
779
1641
612
1278
1649
1692
154
430
1804
1430
364
29
404
704
1288
1518
54
1895
607
367
1977
192
586
839
245
850
1312
862
561
856
848
1173
1737
2050
594
458
1544
724
1608
553
89
986
1246
2057
1220
963
31
346
763
682
812
618
1217
349
1418
133
165
1916
1978
635
414
1928
720
1970
1324
1606
985
298
893
457
885
1757
952
1483
1339
517
1472
1501
910
1061
572
7
1528
1507
1950
498
728
1883
1537
1372
1271
696
61
622
1000
906
521
656
1
740
1624
1322
470
2004
250
402
1868
1328
2098
1487
2032
1848
1036
1661
764
1531
1702
1469
1262
1885
355
783
108
1837
1156
1299
650
431
2080
1165
959
384
1616
289
1315
100
1667
113
965
1515
151
350
1058
1183
1664
857
212
1078
424
674
1707
377
1224
1443
544
1709
611
1512
895
343
1044
2051
5
1777
452
868
28
1929
1363
2119
208
477
633
975
1524
2068
73
1716
541
2052
1557
37
1136
1678
971
153
213
1819
78
290
831
1814
1792
2060
1877
1017
2017
127
1150
526
1937
1839
1947
665
1567
712
708
312
1117
1200
1344
1111
1613
939
313
1292
1748
843
338
1011
417
1546
924
1882
378
931
719
1595
948
673
1195
1708
1800
1846
441
1663
1897
472
1221
1609
1277
629
523
1943
828
535
748
1121
1250
958
1098
1581
1736
176
1705
1265
1831
941
1433
1909
1025
642
647
2075
1774
1069
1110
421
1434
1073
1408
1766
1502
1113
515
539
1713
1920
1125
615
216
1163
1918
1746
92
1467
1194
160
59
341
873
575
1192
1207
1627
1591
1785
1106
2061
1872
1397
773
1722
1618
1519
167
1208
1079
1552
196
743
942
766
1565
1942
1330
1151
131
390
1099
1321
53
1783
191
1302
669
0
1108
760
2090
2093
1744
675
1114
49
1154
1749
834
226
1093
1927
1574
385
1753
1493
1135
13
1619
1954
485
1010
1555
103
1482
398
1456
2049
853
264
2053
1398
1847
1775
96
987
400
1676
643
667
1147
1861
1612
1326
90
989
306
1393
1181
1297
279
1035
676
1441
1075
1362
300
920
1967
1743
311
1237
184
556
1215
1535
645
751
1934
1896
471
670
729
1385
2021
56
158
745
1401
1341
1187
1990
1402
1932
1119
914
148
1850
1764
1875
