314
1558
1378
589
462
1459
1150
1141
1704
1676
1374
1495
358
1826
733
1528
1660
505
1873
827
679
1259
4
1708
154
1477
872
2084
122
793
2113
870
802
1086
1996
1816
1546
368
1669
1954
1818
1931
2066
756
1847
1309
1895
185
729
1238
1537
1798
367
1292
1639
642
29
982
2046
2005
1879
1039
110
1112
874
972
1972
597
1502
92
1115
817
425
1399
1979
2088
340
1574
754
579
291
432
11
1484
1661
1184
1504
1080
1678
1140
755
1432
620
124
2111
2089
1391
1217
1658
1409
441
957
1436
134
1909
285
15
240
1159
1854
1439
1305
1834
532
1812
673
1462
575
924
1155
812
107
875
223
1234
1615
26
346
1016
1061
1758
1299
628
1171
152
820
1869
880
1320
1266
7
1713
2083
888
1560
521
787
1766
901
1341
778
1437
1824
194
491
833
1621
583
2056
10
214
1329
876
898
647
2007
1743
174
1481
1456
785
783
1626
830
1332
1953
493
507
664
1218
1087
908
423
1742
1593
2038
1689
1963
644
648
459
1746
2009
592
2117
1260
57
881
1070
131
858
239
1301
202
763
1283
2098
540
662
1092
591
1889
1650
1832
2085
1764
832
1125
1674
1149
1894
1210
1219
524
207
1353
1131
1958
2011
304
1470
2065
1512
1464
1274
443
467
256
1696
873
1913
12
53
1530
656
813
1046
40
909
2008
1616
1382
1971
1609
1412
199
1857
665
760
562
1111
751
1340
825
222
103
1310
1825
1654
1197
2118
1385
1354
138
2059
1823
1277
1590
488
330
1986
178
555
1862
1849
1343
1950
1705
814
958
977
255
32
1568
1097
180
2115
1565
1282
1363
1425
765
724
1402
1148
1666
1611
409
1831
1681
732
1290
192
730
287
850
2021
361
2090
175
1319
1204
529
670
171
548
227
1233
1430
39
855
1888
401
839
347
538
1638
1863
1317
512
1396
2092
1349
46
1468
645
438
1693
23
828
451
1946
1435
238
1390
2077
108
1248
1620
1759
1461
564
1202
743
52
1337
1531
434
70
1905
151
611
1736
474
1802
2095
1492
77
290
33
201
1549
468
193
1328
19
217
558
62
494
1926
2081
537
736
841
211
1987
1220
71
1992
1491
912
1073
1062
198
1962
1753
1940
1648
503
1570
557
1647
849
1793
1855
2079
805
1023
667
466
2105
1785
1271
746
388
1199
889
2018
781
910
1872
1226
804
1791
1973
1509
514
949
483
801
482
1153
920
492
1583
1164
362
437
364
531
914
1406
196
303
351
89
2022
1095
749
1239
48
213
1741
1414
405
259
1805
862
1796
230
1787
36
1336
112
1613
1917
489
1918
629
470
1664
1618
191
1472
928
1784
816
1978
1370
1910
450
1846
726
1029
1575
709
220
1372
1612
50
321
1189
1067
636
2106
962
1347
1723
1809
66
297
1977
486
399
1707
1706
1751
2004
1012
1722
1937
632
1625
412
1298
305
161
120
1752
1187
904
1907
159
780
1179
685
129
155
2055
1379
452
1527
415
1335
2001
1460
16
535
1503
902
1359
752
1333
1021
1113
1300
73
1318
313
2101
1438
2057
1028
1670
1315
21
177
779
1850
2078
1480
1803
1261
1633
1726
915
481
1201
587
1691
2076
1291
439
938
1103
1622
82
1636
137
800
1645
818
1960
1180
1780
707
1892
1356
440
1861
1168
712
1010
269
584
1448
844
973
1182
1384
93
610
721
549
891
1935
965
1516
772
921
864
1692
615
1286
693
378
919
681
1133
1875
1136
1
720
1407
41
666
262
484
279
807
1166
1749
1366
380
263
395
544
78
519
1655
54
2000
684
225
384
852
1804
585
1938
1788
1720
702
1687
907
94
379
1383
1699
1856
1810
550
1839
365
393
885
91
893
385
1137
275
2060
1679
1455
1123
1677
1054
27
1599
1529
1487
126
1110
835
2030
533
799
241
859
668
76
691
1783
1446
1066
1601
381
1734
516
878
132
1253
1117
1081
1424
168
1408
890
42
142
1049
574
1981
1799
1411
677
1808
719
2099
1398
366
1733
271
1500
1345
1683
1212
867
604
1887
836
545
974
169
1603
476
1811
2002
116
1132
1667
1858
768
400
1884
306
352
408
1404
616
1882
2109
145
1447
1902
877
1797
2058
1281
634
980
1928
1740
1865
1715
896
128
2037
1711
960
883
711
569
945
1776
2006
1426
796
1339
158
1418
1970
127
1254
1034
1449
1295
2086
1841
498
1544
1169
1993
1903
1284
821
986
1541
1571
1682
1585
1750
2052
2062
943
458
1936
2019
1757
992
536
1539
674
905
123
539
1077
2024
1729
1755
416
1820
1538
1485
1014
1106
1619
1221
374
1165
407
1800
1649
1130
1606
1671
1731
861
627
1119
1586
172
640
1900
75
1084
1514
683
1591
1392
854
1019
1313
1721
1358
1662
1697
422
1243
81
1874
1644
2080
61
1990
1030
497
1121
1866
453
1143
363
1822
1334
1181
1025
257
596
546
1640
160
633
1085
390
1228
1156
1505
572
1732
568
30
1635
308
356
1637
1550
975
1362
1543
1600
1486
1075
331
1020
2087
1684
1916
1702
1307
59
1371
593
1843
1027
1523
635
599
937
1980
1563
1573
1908
1427
621
1063
1982
1933
1377
1312
1431
1242
1473
301
87
994
348
454
566
69
739
1241
1152
1878
1782
2096
978
703
234
1718
1939
1178
1821
624
312
577
197
1050
1964
2082
74
956
354
457
976
404
1694
672
716
389
607
1870
1944
1303
2017
1270
1100
892
582
2015
1795
1835
2014
456
1192
1079
1724
1710
2112
655
428
465
506
1350
1172
964
1118
1041
1506
782
1807
1423
1413
1760
617
186
809
504
