1297
1805
1366
1202
323
923
209
1884
814
1597
1686
80
508
1178
1041
2083
261
1878
2075
898
206
1540
1800
2052
246
693
2090
1086
1057
44
85
1874
1666
852
1412
192
299
1642
1040
113
509
548
1673
1375
1950
1867
1587
1157
738
343
1644
1136
489
1238
1205
491
2039
1639
1005
753
190
1684
468
840
2084
1892
201
1272
396
1156
1558
944
1979
351
886
1521
656
937
1994
785
551
1852
2117
1578
164
1223
1209
356
1924
49
763
538
884
1482
1195
1246
1723
1075
2086
1759
177
36
2047
247
1968
1487
1271
405
1755
708
1654
1362
622
556
1193
643
1474
172
1986
1208
824
541
231
1234
110
32
996
1383
813
711
244
1929
633
1024
1908
859
1933
1561
1385
27
690
637
1535
1562
97
67
620
1746
1991
1734
1757
648
986
607
255
42
1395
256
411
981
2009
776
2029
251
1801
768
412
54
907
1992
1204
1754
1048
171
1841
257
1613
250
1706
451
407
1604
745
2072
1262
969
205
1912
1123
364
254
980
553
1236
1440
4
850
822
2099
782
868
236
2026
1572
2109
438
1693
1263
1033
470
1532
64
143
1922
2119
652
1915
1683
1709
1735
1838
17
1108
1266
119
1072
2092
1997
790
749
1981
887
1903
957
1914
2046
1507
655
833
628
345
902
1286
182
1973
1445
1854
649
1721
454
100
359
791
271
1890
762
219
808
991
1650
2024
442
720
1714
297
1327
232
722
1524
1098
1394
430
99
1062
9
1493
1109
1363
739
1974
467
994
529
2082
533
736
2048
958
784
387
1756
1740
267
893
155
670
90
1342
1249
1315
8
1863
2097
615
275
570
767
1289
379
183
70
266
475
1467
630
202
1218
1667
1150
1476
931
1942
88
1225
1533
891
175
2011
52
1699
1319
1902
1221
838
733
849
187
1547
661
2104
1213
1825
1643
316
513
1216
31
1797
1462
57
1816
486
429
1206
1010
1346
1110
169
1387
1812
1220
237
1993
2050
861
1299
93
954
498
1511
282
941
249
263
304
1230
1429
604
945
1505
716
353
1038
846
987
860
984
1970
843
795
681
137
2065
2055
531
45
15
1081
1484
676
817
1722
1745
394
1847
1679
1503
178
837
123
692
673
1593
289
2015
308
709
1829
1139
360
2102
1104
314
1557
642
1306
138
208
1876
1046
645
2111
590
765
1149
1601
1450
1552
1851
532
797
842
914
1441
112
524
1499
333
258
1324
439
1607
1882
557
336
2107
1003
1419
2073
971
492
1550
227
624
1966
1428
1389
1463
935
1959
1741
1512
1332
1164
1464
1026
626
455
1095
1353
1809
1954
41
938
1692
1628
2105
1987
729
2094
707
1776
161
79
680
1087
718
608
1042
932
1374
7
1872
1212
2016
644
106
385
469
1224
1415
583
1780
1398
704
1137
215
845
1028
1658
520
19
913
224
1549
1006
1749
1159
173
1792
1438
787
1074
754
449
21
1501
684
1856
1917
10
180
728
1367
1928
1188
1937
203
286
536
545
1790
1376
908
18
901
1252
1931
1738
1594
33
1564
1308
2074
1168
2100
1192
276
1458
668
69
153
354
1431
1659
1399
1322
1657
1173
1786
1956
855
1446
213
788
1
1260
1103
436
1574
458
2088
703
2010
539
397
1652
1995
1705
73
1097
259
376
1885
819
506
687
831
948
1413
1845
1794
464
578
1837
243
854
1719
1961
1730
1519
2067
1044
315
919
349
600
1485
68
2
1436
1377
1784
516
1513
2056
1888
402
1409
1510
148
1803
1279
691
2012
1616
347
2070
1633
1034
950
1217
1662
752
1344
2038
419
2043
403
698
737
1939
1960
1018
800
1877
77
688
1021
1439
882
118
888
277
390
1478
1444
157
1222
274
1080
298
528
288
1996
1169
0
897
1818
714
943
341
1300
601
580
488
1233
382
493
1664
6
1470
552
1465
921
1145
719
825
1461
307
712
413
1052
1690
363
25
934
660
1871
2059
1071
519
924
104
1577
136
627
367
1971
1454
327
1975
771
446
1181
1826
1403
1067
1009
599
828
1645
462
204
1298
1335
587
575
1782
50
189
1972
1906
78
1835
834
1229
1989
555
1122
1985
1833
1486
1795
1160
1619
1101
2030
121
657
1951
1508
1258
769
131
1506
1836
72
1842
26
214
373
960
441
1743
1228
324
1312
1274
408
952
1873
1089
163
1414
2060
856
510
1000
1879
566
1290
1296
1545
2054
1717
1583
1410
827
473
2091
344
1177
427
1418
2063
1248
305
284
295
1079
1573
1668
1528
1626
1226
1124
2118
1047
1896
133
1694
300
338
970
1197
421
667
928
5
101
1364
569
741
546
525
1840
1432
1651
301
1762
1595
283
418
1257
2079
1889
911
65
629
832
1184
400
1778
1687
1232
977
1844
671
1830
58
731
777
1329
150
951
1649
477
2095
447
796
1065
1077
107
1781
1955
30
666
1380
939
1099
1277
653
1539
535
685
1416
1147
51
2001
139
1330
625
479
1049
440
375
2018
946
1606
1392
880
961
1420
723
1764
2053
1348
1958
872
406
1261
272
1214
786
1869
1943
695
279
362
2103
484
772
584
979
1767
422
878
1495
2013
1094
1865
953
179
858
802
871
2040
264
606
1013
312
647
1011
705
144
1369
865
1264
2066
1189
550
522
999
1938
92
241
160
1032
84
2106
976
24
500
1647
1978
1637
331
1270
482
1244
1923
518
1092
1828
1115
1019
1313
265
1043
495
158
863
167
1656
1127
866
1190
1774
1368
1569
1967
1305
340
218
962
798
1711
1391
632
515
1514
812
917
134
1862
3
