1050
81
1615
711
909
144
66
733
1124
1082
380
899
1703
859
457
1741
1459
1945
282
2034
464
996
2072
161
1696
1469
245
972
1425
1875
447
1550
2079
1944
1887
286
402
645
574
1040
113
746
109
291
1664
1595
173
952
2062
343
319
1801
270
620
413
132
876
949
1358
243
1088
1925
1064
1505
1293
80
690
1345
1669
115
177
1884
73
1042
1146
1744
768
1089
1629
896
1169
1393
1754
1179
913
522
1099
1244
1787
1872
89
2106
1403
1529
552
1220
981
885
1043
1100
1641
1420
1729
1997
673
2100
515
1349
1599
715
1497
602
1034
190
1443
1748
176
1552
1934
226
643
469
2044
1166
1406
83
356
812
648
1781
988
2033
1854
1080
74
1286
1343
1868
497
1673
1574
1920
1498
2031
938
577
544
40
419
189
1136
368
1835
287
1389
1581
1798
671
1382
110
1238
252
1973
370
415
1270
1810
68
827
435
1867
1557
1427
1946
1077
1111
2055
339
439
1693
1715
1526
818
565
1568
1434
1144
781
1771
755
1057
1331
1540
1706
1730
308
1842
1090
1564
782
1329
2109
1710
1790
1269
1660
537
46
1366
598
791
1776
626
498
1283
1671
420
1470
519
1572
1987
662
1639
1651
605
1503
292
1364
726
1890
1128
112
15
1004
556
303
633
922
1338
615
2119
48
502
53
783
646
1133
1141
240
1316
1205
1679
147
1569
1594
931
1605
1154
1183
1916
1408
1831
208
478
1160
535
85
258
1383
185
72
88
1981
1980
1821
1996
314
911
315
944
377
239
111
1614
503
362
2005
1429
1838
1911
625
957
1303
1486
192
516
1122
785
1623
331
1379
941
494
218
452
919
1622
855
790
347
1431
1611
262
1363
2077
1952
691
1577
1135
886
395
668
1978
1930
1708
1376
1387
1653
399
1386
1036
1691
1297
1522
1298
534
1567
1949
2027
529
2013
1738
167
1882
554
1969
542
302
727
333
1863
1216
1020
1098
1013
1000
182
2040
1866
1129
1277
1483
661
1762
789
1022
327
37
802
346
1596
925
359
281
1407
1878
203
1307
170
1735
575
8
1570
107
1096
822
521
1449
771
2112
44
9
1692
93
2003
255
1263
1809
845
1818
1314
880
41
2085
1620
1643
1636
986
12
709
1937
188
1825
1793
1675
458
261
788
209
1736
2088
371
1932
1131
1753
1027
1327
1992
719
1384
1412
16
2074
770
1652
1289
688
739
1011
971
1140
1350
2053
463
4
1196
1833
1695
1792
2118
601
358
1456
935
1840
440
1048
1317
1994
1943
1579
2017
1880
1546
1247
1202
871
1654
1604
1268
693
1207
532
6
1189
1496
60
1440
984
131
466
1423
650
895
1723
1172
1046
1670
2019
1637
352
20
653
1003
360
916
1861
1344
725
263
490
477
322
1356
692
184
915
455
531
2038
1807
42
583
720
617
1531
1548
2009
1795
1093
947
156
1784
160
1405
285
39
1378
1829
910
1478
546
793
428
1237
1185
1119
254
1894
1709
158
1690
228
306
1059
1060
1305
1815
459
350
1194
151
59
600
1989
284
1797
1888
1968
930
1415
695
1296
1012
764
863
17
1716
1142
1824
1928
1007
624
837
672
1072
1421
191
1640
1187
437
1830
2086
1929
1005
1315
2091
1839
389
738
830
2095
1587
103
70
1524
2090
169
1385
63
1891
1336
736
414
234
1898
1663
1837
1435
1397
703
1659
597
1359
1049
1575
1697
198
621
1375
105
685
985
1240
1817
2056
34
456
753
489
1923
1627
305
294
1862
1836
780
376
829
779
750
233
775
849
1110
127
32
1065
740
336
1073
1062
1535
958
1380
1510
372
824
476
2113
1051
1816
992
657
800
2021
1028
1173
398
1528
804
62
809
1029
1222
232
1956
1822
1600
334
943
1085
635
58
826
539
1287
355
152
1935
2042
1562
434
2061
172
378
441
835
714
576
708
1984
1814
888
197
1785
1101
1037
119
778
1031
481
1544
1883
1458
1625
1078
1713
1704
50
777
742
279
2092
946
231
246
1138
1115
878
409
1667
1869
84
1455
471
1844
381
1190
1728
586
612
2024
1241
1633
408
1791
1778
470
1229
1986
1499
1182
766
1517
813
404
1950
1006
374
757
1370
1243
2051
847
1091
1030
1493
1761
235
959
482
1271
810
1700
678
1892
1541
361
1295
424
1016
385
761
1411
904
1391
179
1644
1176
1555
2103
401
397
1324
1926
630
136
948
159
2117
1002
1334
1373
1985
1261
1125
861
38
1457
222
1871
1106
897
1820
257
850
486
1961
431
1621
832
1910
1903
563
868
363
1983
1805
1656
130
982
1628
728
747
299
1158
1417
983
2041
135
267
1053
894
1545
1845
1009
566
634
390
1245
2065
1248
238
2018
841
2083
400
117
1023
1208
1102
593
193
1168
2014
1346
1360
637
1481
30
1302
1610
1426
64
883
54
1311
1674
11
1126
1428
217
1751
1246
820
2070
592
77
1252
1388
679
1506
129
1273
723
2022
221
1648
1895
272
1212
681
1769
1321
651
649
628
406
1432
1507
1094
1865
224
1394
484
606
290
636
887
1181
1580
329
1812
122
2084
814
1413
611
1357
769
1074
1746
816
993
1162
1103
1714
150
1221
1919
2105
912
1631
1308
613
1482
1525
684
2081
990
1879
155
1265
581
589
1211
418
51
1452
298
1018
210
1940
1857
1010
22
1171
741
811
426
656
1127
2010
289
323
627
1347
1957
1585
881
1516
90
1684
432
348
980
1105
268
1846
75
1947
675
429
965
616
1
2006
1734
1970
2054
749
997
138
772
1685
1164
1304
1701
379
917
1534
2076
890
1186
1465
1132
