654
169
1805
1205
1093
286
1682
1910
564
847
603
439
1800
957
644
524
2073
190
560
1156
1964
989
1706
296
1449
1286
1829
2105
282
1985
406
8
1341
1582
117
902
2060
1407
508
107
2056
799
1704
1073
287
453
1157
110
1855
1516
527
2112
137
1326
183
1064
377
1782
1950
302
1281
1933
1965
362
836
1660
1983
890
824
815
241
250
9
1431
1877
1028
1254
1200
1614
1255
348
808
792
1681
1269
1138
376
716
2036
589
646
484
319
1525
723
1783
501
1751
1710
663
224
176
2065
1595
672
1346
1316
980
2044
1988
1108
1872
1701
1271
1152
1020
1385
1105
1728
438
76
1401
994
288
1081
2086
1598
71
774
1535
893
1245
111
1252
938
503
208
1913
1867
156
1669
781
1090
77
1277
1046
1119
1364
729
1080
1957
1185
11
396
470
255
308
1358
413
600
1561
12
1546
1971
720
1906
2012
461
1868
1339
1620
407
2063
1801
1274
853
1179
1963
154
1565
1410
713
1181
464
158
1920
222
1249
382
1491
1878
2089
777
1678
316
4
555
119
1578
587
1778
53
674
1442
1141
1875
825
2000
1533
1460
1250
372
1187
1600
1196
1732
1425
786
1626
1306
1989
68
625
1984
1542
1757
1302
399
2052
833
1623
19
373
329
309
310
1579
827
1520
60
1078
394
898
1327
1437
283
375
666
1859
1987
81
566
244
93
483
1054
1648
773
2020
29
860
1247
457
1526
404
1651
937
1685
1584
1529
444
725
168
1445
297
1488
523
1956
738
1871
1050
120
1226
800
1744
409
1131
1292
203
1331
1621
2032
1509
873
89
2087
765
1575
341
1142
795
942
164
363
1823
875
858
2010
2078
51
879
1386
1263
680
1227
460
1406
1508
1210
838
941
1344
1742
934
1889
1734
1699
901
1099
791
1416
1679
643
709
540
2051
456
1497
251
2115
196
2069
318
1930
770
955
1662
1545
1215
331
1693
1851
1729
1005
441
690
2011
794
623
681
311
805
1986
1885
1048
16
1444
979
829
160
548
249
1717
551
1779
675
1977
1096
273
1761
1405
2103
185
1840
547
1370
2053
334
1280
1672
685
1485
927
1178
174
1947
573
165
108
135
1645
857
2003
1294
694
240
1034
596
52
1469
1556
419
495
428
299
1219
364
1116
944
247
896
2070
733
1846
1916
2077
276
1588
295
1608
657
743
1915
1084
415
558
0
1738
1159
58
408
579
630
2040
356
1838
2106
1818
1002
1797
1635
1139
620
1807
498
671
1043
1817
1066
114
1127
1153
778
337
502
1290
1820
710
1994
2058
423
1390
1300
1368
1673
1003
1186
1923
513
97
1632
1870
261
559
258
1213
849
1501
766
1001
2023
1323
945
810
754
1362
1203
2015
49
2094
1059
1345
534
1816
784
712
317
1978
819
389
1904
648
1812
1976
1793
1684
737
845
1069
886
1016
1377
83
1953
1461
1288
1659
325
1615
1733
1880
1484
1991
340
2110
1825
504
1359
717
913
1041
1723
163
1307
565
1462
878
1184
272
320
230
517
293
1927
820
856
1722
55
1755
531
61
143
1776
1476
262
1518
767
971
1824
533
2026
1224
1593
1713
554
1835
1901
1494
213
1649
2007
1120
1071
2054
992
179
476
106
714
1564
899
144
1668
920
807
2057
611
1589
1639
289
151
290
1040
466
1636
960
361
136
706
1982
339
1389
1487
2071
635
1343
529
118
894
632
677
10
1955
538
1208
47
1493
911
931
610
301
951
1968
346
1750
986
2119
209
1887
1821
1754
500
99
1768
949
1207
392
442
1466
1665
1513
2028
275
885
1229
2092
1481
1311
1422
1483
1056
433
1550
1026
872
1590
170
1477
1970
193
322
897
2045
1467
1811
21
549
969
178
1237
586
1035
333
1357
826
1552
328
440
393
1786
430
102
772
568
1515
1890
1680
788
1799
2061
967
759
1172
1566
999
383
1450
514
1967
1549
446
1265
416
33
1355
2114
870
2090
381
1543
1361
1191
756
1258
390
141
1342
1758
212
1017
812
424
2047
67
2081
912
976
697
1101
1746
1521
485
259
1902
1471
1372
1147
1317
2004
744
965
471
1019
1724
580
1375
1541
668
1886
1740
1943
1860
1231
1760
395
115
1475
1267
94
1354
63
1320
469
62
1468
1737
662
1839
854
970
1715
1741
226
1792
1114
1605
607
536
2033
285
707
511
1997
569
1312
1248
1794
627
238
1441
294
327
1602
1850
66
105
1036
186
1581
1146
1268
2116
1534
515
650
1570
175
2038
463
814
354
877
1378
553
1667
2029
28
459
932
817
91
1045
123
617
1352
1079
1293
452
1530
831
1979
1360
1033
1115
1459
1061
417
1640
1313
1694
1864
1383
1711
1690
746
1773
486
1055
1151
1299
248
145
789
1480
493
1067
1511
103
923
1849
1424
1691
797
82
134
669
1763
613
639
1397
1314
1611
1144
575
205
1834
454
1008
1652
1022
443
1232
1454
492
2035
1251
1882
606
592
1325
519
17
1523
2076
496
410
254
1335
2022
822
991
914
583
605
172
984
1092
1745
862
434
1420
1353
1752
1866
2009
1571
906
1160
109
1862
1104
572
907
916
910
1591
830
1634
360
1536
1918
749
1220
1638
1111
1698
705
1363
1795
1554
231
1551
166
922
171
1132
1958
1393
715
686
253
1095
1671
673
1936
821
726
458
1692
72
946
509
1211
1974
764
1458
366
1435
978
1222
412
708
1190
1216
2075
467
676
1731
2041
2050
696
811
988
39
1848
1188
1917
1921
155
2098
973
2108
1109
303
1259
57
683
216
2014
1123
763
201
1826
768
379
101
1011
