1515
260
387
1844
533
1453
1677
58
2093
2006
1546
1718
105
2065
178
1923
1976
1502
1815
543
817
2027
1687
884
878
1326
1887
138
224
25
1605
31
79
745
1688
1985
1314
125
116
517
1656
136
1781
1830
1034
830
773
1482
1544
1475
1308
11
437
1523
514
73
76
1746
910
1074
65
1235
1843
1670
908
942
1803
1698
2097
1898
783
763
2049
1813
1396
1412
825
251
1052
1241
557
1150
600
1505
2036
1983
1097
228
438
305
199
890
15
314
866
1284
924
1747
484
1108
1645
1025
1001
655
1943
1788
1620
1760
649
1715
1176
1826
1115
749
219
312
102
317
1557
1618
301
1167
709
1332
983
1291
1996
987
269
645
1501
1800
462
347
453
2019
425
1642
1095
702
1143
1305
1772
1032
955
1468
1065
33
681
1640
1417
650
1767
973
1451
1064
1059
164
1051
1607
399
44
215
938
1795
519
2038
32
1637
2020
1360
243
1254
1017
1886
1486
485
1975
1424
1302
904
1116
1304
1089
626
873
279
1783
1047
385
2100
2118
534
1165
1744
249
1128
1660
1231
1238
341
633
1647
1098
1211
1506
1207
267
2015
806
1049
1763
923
402
679
552
2023
1857
2117
1833
1743
914
499
1805
1496
1524
121
246
1353
110
1151
1963
1724
782
879
153
152
1694
1697
948
424
604
207
1739
494
432
788
1271
1673
628
1707
1929
1954
682
356
2018
929
165
933
871
1586
431
1947
974
2080
944
1009
852
1137
2011
1871
901
1266
72
864
340
460
1344
573
1110
876
2026
2099
1545
1465
1765
2040
1477
2046
94
841
0
1930
1256
991
658
1011
205
748
1581
464
1662
1096
1625
772
532
569
456
721
1926
1426
145
2056
972
263
1683
574
1253
1812
685
1835
1560
688
1318
1323
1236
707
919
833
1379
1102
641
1904
803
907
723
627
1050
939
2086
43
1255
1927
406
339
1654
892
373
1368
1753
1306
1484
1740
1171
1136
2089
1601
1307
1894
1588
1806
96
558
176
1907
2105
1863
554
697
397
2095
442
1944
1933
1888
1157
192
1850
365
1062
964
144
1297
827
270
691
1755
793
915
127
9
507
2034
894
1422
426
1726
1023
1528
1219
545
1937
1144
1667
1754
1203
1789
1358
1148
2003
1832
777
1303
826
353
1249
1436
1889
1194
413
1216
195
895
99
1364
988
1613
656
541
537
1900
737
2014
146
902
401
1676
810
807
1029
949
617
1678
225
1965
1780
835
1433
1834
234
1535
2113
435
1153
1247
2029
1541
177
1749
993
41
863
848
1408
861
104
377
1164
1960
1669
290
71
1905
133
638
59
371
1925
1471
711
1980
1202
264
1559
1127
247
1439
476
1624
1768
789
836
575
1413
1181
1526
1870
62
850
913
1924
227
1855
360
1395
294
1940
854
1639
489
368
1248
1189
201
930
1173
1187
303
631
1443
1330
504
441
676
95
1549
751
1928
1973
865
1242
961
990
1268
1233
860
1495
167
1015
12
660
1082
1000
1668
1198
1407
2076
166
1258
1610
1489
1104
928
2077
1019
1665
856
937
1180
1078
28
1185
637
420
1221
2016
204
1709
984
1112
800
1674
1828
1200
1246
1986
250
1156
1821
566
1499
1281
1375
1125
870
1400
589
1275
1199
1791
1188
1061
820
1428
869
1890
478
794
161
708
1072
1997
936
1562
1685
909
787
547
1567
1899
196
1230
173
1979
1856
1267
735
526
1851
588
10
1380
1133
1485
1551
1027
829
1063
89
1223
1055
498
845
408
2048
1861
452
77
1572
1359
2012
1564
926
1825
1968
824
1068
2037
255
245
492
375
736
143
568
1229
36
1301
1493
1016
135
1269
2044
1357
700
846
254
311
734
1079
1735
1445
1655
1617
555
349
614
2033
1585
88
671
927
3
1043
1316
1723
1869
2007
1529
1793
1046
1193
1265
1574
268
2021
1804
320
1184
69
761
54
85
1801
2055
521
838
1946
1088
280
844
1568
1425
1075
1214
336
1556
1818
30
560
1594
363
995
1829
466
768
1048
1782
237
791
1328
1103
1565
1608
816
661
200
598
139
897
1057
1807
1367
775
618
1262
1504
1195
1071
1554
1611
501
1264
1030
1794
216
843
1872
2025
1999
1909
444
642
1294
693
128
779
45
1464
1252
1327
893
978
648
1434
182
1883
917
56
1418
725
2031
1629
1865
1454
996
477
46
1593
1393
1598
753
2107
1452
1936
1988
429
486
2109
400
1902
1984
550
663
465
2010
2110
814
1145
576
966
756
1292
1217
1423
1859
1450
1132
1175
885
1704
47
1627
1191
616
1134
1573
1010
1580
931
1942
1196
1007
309
149
93
1432
1742
2119
1652
1244
38
1819
1710
221
344
809
74
1641
1527
1190
1787
1914
162
1538
727
1280
1873
834
1002
1114
472
1981
218
530
1649
674
282
967
17
1152
2032
940
654
932
538
739
1329
1441
925
1571
372
1044
1970
2079
1070
455
1808
8
571
1177
1058
411
84
281
511
1955
265
2066
1879
1592
965
1657
483
1519
98
86
1067
1604
636
60
610
1849
40
103
1320
1404
1159
570
1802
2067
1298
291
591
801
315
1602
1260
1363
1690
1952
1532
509
510
891
1757
1124
1633
1708
181
87
1921
2112
2050
2116
837
1700
1531
378
689
63
217
963
1675
259
1355
333
1587
1237
276
1473
1638
935
659
1509
1959
953
409
35
154
998
230
1939
673
1365
467
27
1994
1401
1080
1966
1491
1225
1616
874
651
1277
1031
696
1018
849
1421
1354
403
1987
698
1381
969
1631
37
2069
1764
300
1224
584
1168
822
1733
1539
989
335
1458
1339
380
764
334
223
