889
327
418
1639
219
474
1254
1907
2023
1991
1542
1995
1467
139
1921
142
991
1308
1356
2119
245
1333
798
95
1929
2112
892
344
1055
1433
1098
1378
324
292
1553
1737
1908
1595
1521
1833
1900
321
1776
476
303
214
1119
235
1296
2010
99
598
1145
1388
1149
810
1851
1047
1535
1529
298
885
1836
1286
1112
47
811
2104
1640
1619
71
725
122
1944
1631
1663
163
2096
1472
1668
990
2011
911
1307
1710
1474
149
1906
1236
909
1863
1894
466
1523
1789
589
562
212
1505
1045
1597
288
203
1057
1058
325
858
1620
1414
758
284
579
1499
522
94
1564
134
320
623
1432
1841
1832
1339
1406
1041
1496
674
481
2009
1437
515
1599
1814
1237
1849
111
1727
459
1337
1673
2078
1164
129
1732
1800
427
1660
1473
295
1665
270
192
1276
692
837
989
560
1937
1351
965
138
1350
128
330
374
1373
637
1135
2003
1881
862
1423
1920
702
362
1087
747
764
220
899
893
33
1280
1270
1781
805
329
2081
715
1166
1323
1396
1589
1877
1986
226
1555
827
132
1239
1176
1898
1090
1685
1054
1883
1052
1773
1257
437
998
1023
540
1996
1352
781
703
831
1179
577
1864
1512
356
614
1763
587
1899
243
933
1171
929
311
1569
2101
420
1745
2057
1346
1435
380
1102
1972
2059
2022
508
1218
543
1186
1122
922
755
2007
1598
867
1614
117
1638
105
1570
90
370
246
907
1206
1080
86
1006
1397
1923
1415
1886
879
365
1007
240
1486
1216
248
1487
1250
1891
601
93
147
486
2085
1344
1577
1067
1460
870
646
853
2051
1158
1632
2000
1479
727
1299
1865
2036
1650
1587
100
1316
1319
873
323
1515
639
2024
2015
2042
672
904
402
43
749
763
425
1826
355
620
305
436
1627
64
1806
454
165
1759
1963
77
262
778
179
314
1896
1419
825
824
863
555
10
1537
1603
1477
2046
1146
1930
1027
982
1764
1117
1085
366
1461
1315
1671
2044
1012
1634
2063
1148
224
217
1143
256
1805
1059
375
1626
1394
760
22
1025
691
809
780
969
34
1268
973
23
1978
85
498
2092
412
1623
617
258
1238
1817
2099
2034
1165
101
606
845
1252
826
573
759
823
1347
627
351
708
82
462
1970
1031
1051
260
726
453
752
844
1854
1161
615
1265
68
231
2108
583
1154
817
1876
806
722
1719
2058
1022
1152
869
833
2006
836
331
1754
1403
342
489
2054
607
1819
1821
1586
1298
1392
932
1244
1277
167
1443
1075
740
1960
765
804
1517
171
661
497
182
1200
1717
1204
170
709
1998
194
1109
1803
67
1475
1134
1438
183
1332
1016
995
754
434
445
1843
1441
103
1556
1034
1866
1917
723
1197
629
818
2008
1033
473
1103
1889
1375
999
582
1037
1528
1405
178
514
2098
595
1667
1743
1387
1364
2031
961
461
188
367
385
1056
1605
438
261
36
1648
608
1915
432
332
744
1249
955
532
505
1150
1202
536
1151
1612
1066
1914
742
1313
336
553
447
1961
433
1778
1856
1696
626
628
41
572
535
161
697
1325
1784
492
1519
304
244
499
1823
1582
210
1126
799
1726
1503
1761
404
1977
1583
1812
16
1658
1404
180
2033
1228
1355
14
1390
2095
27
1183
788
1753
1099
159
296
546
1585
1064
714
1221
475
65
959
669
645
1974
1454
484
1711
1788
1543
888
1278
307
843
1210
814
392
140
848
496
116
315
1703
2072
1334
1857
872
1525
130
1767
409
566
1247
1282
1301
387
821
568
201
400
2064
1721
938
1689
472
558
1010
1116
209
175
88
748
1110
1267
2091
399
544
255
784
451
1348
1642
1670
1129
1674
1541
987
1910
257
693
1393
1549
1377
1046
1385
1060
1300
918
12
1600
45
309
69
1608
1831
1829
1386
1540
610
599
2089
1868
2102
277
2116
1061
168
1975
1683
89
2114
976
1082
653
1885
1526
1231
1376
1751
840
338
1940
981
1733
187
985
651
1662
11
491
1107
2048
1368
1370
2045
1429
78
1305
592
721
1272
1617
176
289
1050
1402
1086
102
1981
282
2084
2037
950
328
446
2020
1622
1163
1269
50
417
5
1839
29
2097
1093
343
1957
199
421
253
1465
487
54
1592
910
1825
968
1205
1362
741
718
1089
864
1105
1649
713
294
1198
905
772
1557
1336
1191
1000
2088
1771
868
1947
137
1818
1401
576
291
791
644
1932
542
428
2001
1580
891
716
1524
1987
866
2103
1760
1918
1699
114
1338
1904
1318
1195
1008
1147
1320
946
541
970
2110
1882
1242
1731
463
1044
1121
6
1459
1742
1192
1036
1024
2093
1708
1730
419
1621
1484
939
1952
974
711
881
239
549
281
364
876
1222
941
457
1343
1361
776
1574
406
1104
1038
1188
797
1746
634
266
234
464
24
1855
202
1043
1349
640
834
195
301
1069
59
1783
1647
263
701
1241
768
828
394
919
151
177
538
468
1581
1367
581
633
625
984
1680
2065
431
249
264
1565
1744
350
456
567
913
894
2106
1798
551
1211
495
104
1840
2075
1446
215
2029
1548
1001
1341
1483
1716
1450
124
115
449
676
647
1624
185
216
687
1493
98
1240
173
32
1011
936
1399
1079
1971
978
2118
1651
517
591
1712
1481
802
1706
732
1654
1842
2016
1136
1304
1017
357
877
297
1968
308
1458
2100
743
372
552
839
455
191
920
413
849
1289
1155
1140
1822
55
679
648
228
145
1
526
1434
293
221
1579
1785
719
1389
9
1263
1701
1979
779
1013
1374
1848
548
1464
815
1672
533
488
1954
842
46
