1348
962
378
1914
1562
783
1615
2059
251
2026
985
2092
961
969
1241
1153
1175
1777
203
1206
301
1660
51
1097
143
609
1920
687
650
395
1996
1044
812
16
289
1437
1248
1063
419
804
685
802
404
343
338
1829
1591
1085
1725
1813
171
1586
209
1046
1614
859
178
1181
1012
866
2107
1900
1523
2095
1183
1992
133
1339
662
1070
835
545
1362
776
1068
71
125
879
1380
1344
1476
1039
1465
1032
1697
526
1192
295
1084
286
488
1101
940
1861
1888
2008
722
882
582
780
1665
990
63
139
1797
2041
1478
1417
855
397
1574
2007
596
1213
441
1567
1283
995
1427
222
1734
720
1116
1965
1984
1221
1163
148
1117
1242
984
372
901
1483
594
1329
1605
1801
645
634
1756
2046
276
1432
1189
778
365
45
2106
1623
220
59
757
1767
1969
525
1857
986
914
660
1932
1077
54
2060
1799
1143
1217
738
1424
2094
1165
1940
625
261
1581
1590
522
974
1751
1114
274
832
1577
1386
170
1305
2082
1287
724
1693
1277
1709
1686
1573
187
1269
1493
212
959
1093
1508
1327
1670
1675
1696
364
388
595
356
1918
1138
1119
1238
7
89
443
202
727
1458
785
1641
422
1909
448
1600
519
1765
2037
376
1551
127
1873
394
976
1526
2105
1566
88
1598
563
503
9
971
1025
1604
1161
562
830
1162
1807
1482
1695
833
1559
483
120
225
532
1384
1484
1791
114
256
1865
2074
823
505
1353
1190
951
1100
1674
1929
736
1905
703
1170
926
1863
1146
1043
2071
1401
344
2113
1579
2054
1671
953
613
2039
811
391
491
1195
789
379
1610
150
2114
1081
110
529
1268
164
954
885
466
257
1692
421
1445
1435
564
1951
1029
957
1426
1652
1557
1281
982
2091
1096
161
1250
886
1531
943
592
352
189
230
824
1492
1569
1746
23
1349
1539
1596
629
875
1236
773
1024
658
1715
1726
1979
1224
1642
1359
955
5
1522
305
699
764
409
678
1514
581
2012
1404
2116
1330
1387
1082
239
1885
1499
624
2005
2040
1849
387
1994
534
1145
743
1200
867
1459
2084
6
1105
798
1441
2110
715
1338
1496
408
472
608
1654
2047
1736
975
1831
640
1858
1809
814
1010
1538
1677
1474
1689
739
1341
347
913
417
977
1568
786
1127
672
172
1005
1074
637
537
105
464
1137
1995
2017
936
1722
2097
742
207
1658
772
1546
130
1302
843
1318
1750
767
319
1233
1988
1164
1626
1507
1167
369
1463
1782
1537
1838
542
839
1554
1354
1035
550
747
520
1391
1156
47
792
496
1293
2079
1174
1098
2096
1342
384
805
1810
1412
62
1086
1288
797
661
1299
1320
1837
1790
1419
1989
680
179
70
748
1737
514
2001
190
1091
1980
906
589
1172
1781
1455
2019
1148
633
2021
497
262
1169
1958
1527
992
191
1223
1702
1594
475
664
972
325
487
160
297
1830
723
217
469
621
81
676
129
1083
1787
1649
1294
1620
476
26
543
2072
1266
1816
1150
1592
1698
1595
471
4
705
794
1285
638
1142
1866
1121
1948
1000
1841
1042
64
1852
1466
1724
1448
416
1760
340
504
1766
1051
236
237
1026
605
1452
1079
85
18
603
1887
1073
1271
670
22
215
1198
509
393
1398
539
762
480
1371
1378
265
1945
1896
586
896
112
704
1993
278
499
1203
1520
287
1842
405
2033
1738
521
39
1310
1991
213
2022
777
652
426
1014
398
1209
1768
1974
842
695
108
690
1322
1528
2088
1753
1491
800
1350
1927
1461
1375
1219
201
312
2024
2062
1027
2044
56
844
828
1295
674
147
1679
752
1894
74
1505
146
2119
43
454
714
1629
1811
1064
796
559
1048
1952
1780
1196
956
1178
1530
1340
1713
1619
578
1943
1627
1884
1872
25
2045
292
1653
1415
337
1973
541
1109
622
2049
1673
815
1848
1911
1941
456
1261
2003
856
83
271
607
48
285
1745
1177
2078
1149
1571
1104
1819
1637
294
1621
1037
527
1185
599
33
740
281
1964
1211
156
498
68
1331
162
1
1336
1004
1067
1473
530
1485
597
137
2020
1409
997
1897
1180
1488
1408
931
96
1468
99
1316
1002
1771
894
269
1245
1761
1176
1712
1210
371
1356
1494
930
1229
694
1279
1511
300
1510
223
897
90
560
154
155
849
1882
1599
1132
131
730
1368
725
1603
818
196
374
1352
1453
423
2013
963
211
82
21
249
383
433
893
227
1446
1870
1822
1815
1972
359
268
420
1970
2067
0
1199
1462
410
692
392
1788
1541
2027
1509
92
1069
1275
473
846
1273
1631
1325
888
1543
1609
437
1418
964
1438
647
1428
1008
1422
1382
1903
1755
126
1456
707
1934
304
310
1076
947
1166
1747
1246
1237
895
218
2075
1954
36
2018
632
1919
363
1904
868
1252
1377
183
2030
228
2014
1495
1319
210
775
482
328
252
2034
354
1154
375
1839
1018
214
273
233
1785
938
102
2
334
314
1823
1754
1784
323
891
987
825
831
626
345
1701
1333
713
411
436
234
400
718
1033
553
1617
173
462
185
816
1147
922
1944
176
905
1512
467
169
1498
2115
28
1140
908
195
1966
1272
1938
1102
481
1298
921
449
40
17
989
857
1959
669
2025
1601
224
1855
758
1795
1504
710
2118
574
1524
1847
205
14
809
241
648
279
1028
1710
414
144
1402
1933
1457
288
434
1225
1926
673
686
1015
697
1575
27
1684
2051
1565
691
1532
184
1480
427
1120
2009
1683
1593
1202
1939
1088
362
2090
385
1743
820
1800
684
1013
1818
1786
206
854
3
827
1276
250
