1612
1486
1348
440
158
922
888
2016
926
1311
151
340
551
1162
2021
883
1300
1698
560
637
643
1806
157
150
246
1895
2009
527
870
1271
1474
375
360
488
403
1977
12
392
1429
2012
1657
2084
161
965
1242
1371
235
1943
798
907
2098
1355
1505
628
492
1810
1520
2079
739
1424
171
1718
1791
1870
2017
2100
1994
42
834
763
1816
1853
25
414
1105
2015
495
1097
756
1584
1433
979
64
647
1746
6
2070
1740
585
1057
722
87
869
1907
1335
904
1083
858
1179
1521
1631
1843
1881
65
152
633
1056
894
1609
604
1251
537
661
1539
1303
106
1555
245
1276
762
35
1208
1579
627
959
427
326
1277
377
886
453
727
1833
59
350
1691
264
1138
1252
1866
670
273
805
615
593
272
1614
921
70
82
2091
290
1502
2022
1834
1646
530
1003
1789
1660
821
541
718
906
1781
461
2044
348
1756
2077
1905
1527
686
1220
1029
714
1688
1265
754
2029
1008
23
2088
280
1851
939
258
1841
2067
73
1377
731
1266
1676
197
947
815
95
9
294
164
184
1707
386
1262
444
1985
233
105
1819
1711
129
92
1443
374
224
33
708
1882
820
570
133
1972
1921
1449
1739
1807
596
565
1296
1680
1118
2039
1218
14
1906
842
1330
1621
2019
934
345
854
1347
342
1027
1611
1378
1682
1042
1005
20
1270
665
1416
1352
253
1260
2101
770
1533
1155
782
673
349
1696
1724
810
501
1473
1644
1951
402
357
1156
464
1374
1757
446
1391
1801
410
976
1080
958
631
1386
1245
1071
874
56
1780
642
1205
1357
1900
855
244
469
1732
1001
387
1971
1129
925
1356
970
98
1877
41
1109
2035
1869
991
1678
292
1617
78
1400
226
1022
1490
1902
1613
125
240
507
1132
1552
1465
1103
2047
1567
1137
535
1786
177
712
188
1124
738
1751
305
481
812
408
1744
1050
1484
1750
1849
1090
1593
879
578
206
1235
227
1485
1020
266
823
68
827
1554
1288
452
648
1723
456
283
79
1428
1160
1628
654
1731
1451
1762
1974
323
44
740
210
2018
545
1369
1625
281
1854
1410
736
1606
1605
1032
1598
1107
1855
200
1901
525
1255
1457
60
419
919
838
1051
29
1933
1995
1396
1120
822
1704
123
1134
777
2034
1017
1121
689
892
317
1060
775
1215
742
1655
1651
567
1842
1904
910
576
1652
1064
1898
1930
2083
1752
1874
176
2106
1734
1176
568
969
723
946
1643
339
2004
564
2014
277
15
1447
1857
1778
1596
1321
1998
1576
1329
931
1940
1018
1543
1072
2056
1210
717
2024
421
2117
583
1163
1767
920
229
860
557
204
887
581
1784
990
1986
45
1622
1641
1483
786
228
2028
1880
276
2095
972
698
135
16
897
335
1759
1234
1989
1469
1432
1403
1478
1233
1755
1844
1996
213
99
1716
31
1957
808
217
429
2060
449
803
504
1924
795
10
2026
1130
1463
814
1039
1917
1110
684
985
1800
196
1893
2105
1875
260
789
1530
1204
1832
1379
1838
1275
193
630
960
783
603
1436
1144
170
1973
1450
1847
302
1738
824
2040
3
430
497
538
48
1190
1327
1123
486
1633
413
72
2078
522
1376
918
1588
426
666
1343
1417
67
1342
1274
1864
1997
963
807
764
2052
1931
1101
1603
1294
1573
1259
1590
1919
1038
1212
1187
57
189
1199
1607
2000
1947
967
546
1282
1958
1953
275
1945
423
867
297
1145
1599
592
142
1675
1648
1553
1203
1992
1944
388
829
794
1499
1636
1139
876
677
1727
612
584
1922
113
47
766
1796
1498
465
1481
1471
1826
828
343
93
298
262
1659
1158
1362
676
899
889
477
363
1766
685
1861
1915
1067
1052
1315
1713
864
1117
1587
898
555
605
407
1737
1886
1068
1681
1885
1263
930
1076
378
1096
932
1401
1518
1509
505
1818
2115
160
843
1002
1350
1365
952
774
1095
923
1264
356
1754
1143
1592
457
1209
692
614
1133
0
2107
1794
1040
667
1695
2063
626
1939
1077
1122
746
1268
550
1879
772
1868
220
234
136
2
1824
1560
1074
1456
1180
572
980
1511
1034
2045
1761
1375
624
514
1776
5
956
1712
169
785
1081
1058
1647
1831
1878
1936
156
1890
1884
1840
282
749
1503
1845
832
259
975
1835
1043
1741
333
1031
344
1297
1961
529
1909
1394
1528
1771
1949
2073
1558
130
1549
1420
1380
1975
2085
1186
1504
1666
434
1488
191
1792
165
1585
1440
463
1390
715
776
1765
938
1173
1775
1650
468
201
880
1241
225
1422
411
757
663
536
77
1114
1336
1519
352
1301
314
347
1053
945
1976
1811
390
1322
1325
1935
1405
635
1950
732
760
103
1191
86
2099
1988
1730
1642
580
1912
155
563
1876
831
399
498
1467
1999
1952
1049
1408
28
313
1397
1946
1267
1223
1168
1797
1802
705
1532
2092
851
1808
2066
1510
579
1860
1446
303
769
641
709
295
1392
1108
1516
1438
1569
1468
1725
912
1862
1316
1312
619
1292
818
1772
187
251
1172
890
1911
1381
1189
1804
1164
1683
1665
1112
1361
720
1480
1065
639
597
1760
662
1184
306
881
1506
194
2064
359
2002
856
1192
694
43
1196
1030
1822
1188
1238
1354
1185
1814
861
1663
1094
948
735
1314
441
1197
1497
2068
1239
561
607
310
634
2080
417
1028
1
586
981
1092
2055
1222
590
1453
1685
346
1425
1388
460
1700
1253
328
1149
872
107
85
1926
1398
1248
1586
893
278
124
487
623
1177
1389
263
802
365
54
1225
1194
744
458
154
659
284
1735
1577
509
691
737
569
1298
1836
