143
715
73
17
639
1402
1716
2077
1190
2089
1725
558
1039
1423
1575
2039
1498
1302
1260
1051
382
467
1112
1535
1234
316
1227
117
1071
1277
1731
843
1792
2
1874
1138
982
410
1056
836
1240
2056
1626
1603
238
947
1083
183
399
675
682
1761
215
1798
809
20
846
1566
707
96
1852
1976
778
974
1313
1664
1507
2053
1271
1585
1472
403
344
1727
1847
1047
1723
441
2045
1945
689
150
1919
1280
393
331
337
157
1093
709
1453
828
1558
1405
155
1846
141
685
1619
348
722
1866
322
280
684
907
1689
698
421
1012
230
847
708
917
482
1728
486
1740
1007
1045
59
543
1531
1055
1274
581
1555
411
1677
663
2110
791
1308
1044
369
854
152
781
371
1497
950
264
474
1641
549
837
555
519
1029
2118
1750
1520
2007
2023
1043
1516
1799
1959
1400
306
1732
203
647
1958
1681
327
816
470
575
601
589
898
1553
659
71
66
188
1546
1155
1900
1972
826
1091
1838
1285
249
1244
1264
1672
999
1815
1669
595
1951
2043
1605
1116
18
443
68
1224
1780
51
879
1192
453
2084
2059
504
1665
576
935
825
35
1693
980
1033
1503
1751
1213
759
1036
1963
1336
2046
1600
1960
416
1810
1380
2010
118
1707
930
852
1564
176
190
1387
1682
1068
1981
1905
1034
574
376
692
466
1206
185
1643
408
1203
567
1899
796
25
36
490
461
77
1766
657
245
2058
1180
1739
44
1932
1230
2093
1782
388
932
1096
1373
1364
1233
2003
626
1125
1942
1557
7
1027
753
487
186
1881
630
1968
1366
1237
2078
1107
1409
1770
508
749
531
76
822
1310
728
1163
617
1504
418
22
2094
1058
2044
1102
1824
1334
1814
319
1912
911
1594
1419
1485
296
295
436
1628
1910
1009
1482
318
21
750
1906
609
1167
2079
99
1635
448
1537
1583
1625
958
925
683
949
384
105
1146
100
1131
1789
8
1359
1924
655
134
1100
536
1839
1671
800
95
179
1048
1078
113
1377
1486
1904
63
607
2069
998
212
1816
1734
883
1386
1298
1252
653
2020
278
747
1003
869
1833
1273
1164
1221
755
1939
151
1374
74
1767
561
154
1902
1621
1258
131
1822
137
1933
287
812
121
345
671
1765
775
830
1489
224
915
757
1342
1165
1121
1895
1077
978
710
108
350
610
794
339
189
1837
859
2109
1291
1805
1281
174
136
1127
432
1106
772
276
343
2036
1617
557
494
882
1249
251
2033
1363
941
234
106
107
450
5
1713
1941
645
673
133
299
624
1062
1297
884
1142
1574
1783
720
1696
1552
1688
341
1326
260
1897
1032
1523
1755
711
1522
1609
1176
1004
1444
672
648
241
1371
277
1263
1720
521
1410
2104
16
771
1598
1966
41
1754
1515
568
142
1020
582
867
1889
1411
1743
1901
1514
1813
1288
1803
365
1898
606
1747
2114
580
564
1680
1667
1460
366
1599
1143
442
1624
991
615
700
279
1088
266
218
33
987
1348
308
1235
704
765
552
85
1361
740
1584
802
1212
505
553
1769
905
640
1892
1042
1253
2113
1871
1381
514
2041
1477
1272
1186
1438
1474
1459
362
114
1733
6
1458
219
1451
1950
1354
2008
902
885
1481
335
1567
80
356
1940
1823
1443
1344
449
1955
1222
985
665
1
1134
1151
378
890
1501
207
1610
737
313
394
1509
569
253
530
649
481
1075
1841
265
1282
1188
1508
641
1092
62
1154
302
784
1938
642
352
1807
1139
123
1099
1080
1484
623
833
638
634
153
1398
513
363
1175
1383
359
1545
373
1548
1706
1284
1698
1429
2019
385
87
145
1455
599
1248
1943
1701
409
1602
208
1024
1030
1251
1293
1290
431
217
1825
1368
964
1691
70
901
853
733
1821
1648
1086
1375
1269
1921
1697
990
1909
1475
1063
156
419
50
870
799
1581
1737
579
1562
1105
1110
211
1265
446
668
1391
1894
353
1420
1752
1289
1321
1512
900
286
593
377
2016
300
246
1136
1430
823
79
315
1183
2108
471
1642
282
1529
2025
347
1223
1085
480
1840
1948
1974
1923
1094
89
1797
1722
769
1128
336
1618
522
1231
381
954
703
1645
1517
2088
422
1614
868
591
1891
53
1337
658
1719
1218
583
1541
1261
831
526
42
691
1530
1305
1695
1185
528
1239
233
533
301
701
2030
1692
1089
1638
115
103
1525
1130
1041
271
232
483
779
881
464
971
1757
1845
1925
938
892
1748
1790
1384
844
597
523
1620
541
1447
2002
200
159
706
1439
2075
30
1829
662
1715
1687
1629
835
1355
291
1412
414
1987
1764
258
923
2029
195
2004
1749
1425
358
1590
631
2047
14
1843
125
1204
138
767
1181
1978
1292
768
1836
270
1210
1480
342
1169
1219
489
813
1922
516
1565
2005
1775
1084
1794
1101
613
1518
1456
851
1827
940
1346
1694
2070
314
34
677
621
1141
586
810
1035
929
1177
259
1406
654
725
1217
124
132
2035
256
1325
111
1097
254
1760
652
1491
1542
158
1660
942
679
804
841
182
1961
904
1232
1424
84
2115
976
1993
229
876
1953
1710
633
1544
1870
1278
2061
1202
1800
2099
1076
903
1245
1996
1913
413
2013
357
2011
168
808
1543
863
1196
273
1826
1496
204
1319
2080
959
506
1662
12
45
2107
896
2103
1432
1267
746
1199
970
1988
1262
1802
736
1983
838
397
1016
1037
1528
1052
2049
667
1616
1001
762
1323
439
1882
1911
741
380
1335
951
666
1008
275
1784
1817
1098
1179
1527
1801
1595
805
922
795
1550
1350
1559
512
47
2116
2102
895
1108
