806
301
149
1716
1346
884
1444
1868
1871
1742
1418
1142
1496
1340
609
1456
1174
1759
1948
927
1278
1509
2022
620
707
1472
879
446
61
1391
405
413
881
1241
937
590
2083
1359
870
703
372
925
1213
112
724
825
1588
849
1795
176
1360
1920
1352
2
30
1091
1182
1490
252
204
1555
318
127
445
799
335
1609
853
1073
664
2089
1293
535
334
679
1655
858
1146
1288
1155
1556
1260
1229
394
961
1652
755
1627
1488
2059
507
1667
922
1202
1687
1426
1965
1593
1850
772
1429
1671
729
652
278
936
982
2078
676
754
365
1025
225
1411
1175
343
1491
2042
829
1770
577
1938
1225
215
1338
836
1037
633
164
186
1467
472
1187
1552
963
346
1596
2116
1963
941
601
1887
41
475
550
1523
236
810
1836
1700
1383
1385
1420
227
1921
260
103
190
27
512
1976
656
2053
977
174
1934
839
1544
431
1688
537
280
563
1897
1919
1200
1162
666
168
1459
605
1399
1054
281
195
402
1315
197
860
2043
1103
845
1034
1259
904
247
880
134
1068
1403
1156
1662
2021
1546
1436
267
1190
1857
1038
524
1184
1500
386
987
50
1966
588
1589
1129
1494
2038
68
2093
514
890
220
1520
362
474
1812
1343
1205
1065
1055
2113
449
1829
1428
1807
62
521
1821
1981
1362
1409
1072
1659
826
1050
589
1719
1330
782
1366
1094
665
1530
1457
1502
502
889
598
957
399
479
1816
290
105
138
1215
1787
803
1124
1778
1145
1272
2108
1277
1539
381
677
995
574
133
578
992
115
331
352
261
1206
966
1889
337
1066
1120
1861
547
1810
956
367
919
2085
690
693
1318
1443
702
1369
844
1525
398
791
209
71
437
173
1673
501
2012
75
370
36
342
1048
5
273
1744
835
1364
531
1940
1661
1935
293
1809
1867
333
94
7
788
697
494
1493
767
761
1608
1147
811
631
617
44
8
699
1238
888
557
1656
1577
1648
756
291
517
1718
246
626
1834
945
1845
727
1988
1846
1194
680
269
1246
1591
1233
1737
1007
1511
210
714
1396
1978
639
1946
1098
1113
1783
1549
1506
538
1873
358
743
1869
1298
2005
181
1273
117
1559
1562
1989
163
473
1159
716
1990
871
1706
1199
1734
1244
760
438
1649
1473
768
1901
58
483
300
2032
1633
668
1757
450
777
1153
1267
1842
1611
253
1109
82
1367
1114
1979
700
2045
1110
238
1378
1354
1522
1353
1750
1435
2105
1322
188
84
628
1188
411
1617
1447
1183
525
953
1676
931
228
1096
1551
1499
1975
545
214
1358
892
1270
448
34
787
842
813
2106
2039
681
530
591
1397
1079
1603
1529
921
975
541
812
935
109
198
1135
1548
451
295
418
37
1660
274
934
1909
1348
1165
900
1882
284
784
11
920
568
185
191
536
1798
533
1011
1538
1303
654
1327
1095
257
1576
976
1223
1872
933
1489
259
487
1181
1134
65
317
723
1185
891
1756
1762
1632
2052
1266
492
123
169
1767
1704
1664
1086
1736
454
1002
553
893
1289
640
477
1250
998
701
1251
733
1801
1851
734
1928
659
1455
634
1910
592
1681
326
1219
1877
1216
930
330
1911
1550
54
1672
377
1425
263
436
202
862
1883
380
823
1973
45
1745
815
184
1056
1211
307
139
156
1342
4
1341
1987
648
1717
1786
1476
558
873
623
226
940
159
996
2109
392
611
1221
1540
644
1694
1586
435
562
395
597
47
482
1368
96
506
345
1097
1628
1962
822
1890
1738
469
453
523
1440
737
1707
1606
1284
86
1406
1022
1295
642
1675
1154
120
88
1876
1536
943
356
1495
1350
1819
540
1361
551
814
90
49
107
332
1121
978
1773
1281
1390
1893
1774
600
234
1780
182
347
828
1959
1481
1331
1333
780
1036
493
1084
26
2056
1924
1191
604
1029
1995
1796
1261
1275
433
378
952
740
1227
1407
311
1434
48
738
70
1122
78
1228
1137
1752
1815
643
520
838
1379
1108
268
857
938
757
1916
1349
282
1779
350
217
967
1686
92
305
1170
440
408
1504
1373
675
1789
1639
1685
629
1585
964
354
66
165
1879
1398
1090
1931
1740
984
400
1518
1290
1630
1537
64
166
1543
691
570
869
178
621
1886
23
1870
69
1598
1709
696
283
466
1583
2011
1607
1624
1722
717
289
2050
635
1280
706
511
543
1484
731
653
1969
1370
1517
765
14
2025
1285
298
1381
2080
655
152
809
393
705
599
1171
2065
249
2115
865
1451
213
52
1697
886
1265
1927
509
897
1712
872
885
369
324
258
1957
2084
848
114
859
1355
1143
1111
552
170
2119
1482
1286
794
2104
1468
1806
1212
1620
1439
1853
2092
1528
2114
1998
1896
817
1310
1582
909
882
1907
1618
1634
1986
1462
887
17
1123
792
1929
790
1371
602
1075
498
363
46
549
87
384
1092
739
1269
154
1570
742
1899
566
1654
567
2031
1837
211
1914
1547
2110
22
1389
1501
864
2058
1954
416
1337
1042
116
1612
1044
674
89
2111
1503
1193
81
1248
1895
899
179
708
101
125
1263
991
863
910
1384
1304
657
1329
175
1827
1758
1533
911
843
462
960
2013
1961
1282
1668
262
1658
1005
1132
1271
1614
136
1401
266
2102
969
1498
1922
985
348
1195
1885
130
710
1028
801
948
1252
40
1076
1332
1960
2071
519
1
1637
564
9
122
1610
1256
663
35
929
1565
1032
322
1918
277
1321
183
1319
1478
1828
994
1020
203
1492
1166
1735
947
146
1678
1085
1264
1173
1822
1903
2027
1993
515
272
