0 222
0 242
1 174
1 99
2 14
2 163
3 106
3 81
4 45
4 245
5 115
5 97
6 35
6 243
7 49
7 30
8 99
8 86
9 135
9 234
10 185
10 61
11 163
11 14
12 15
12 185
13 10
13 61
14 2
14 99
15 39
15 61
16 94
16 17
17 65
17 94
18 114
18 39
19 212
19 103
20 30
20 62
21 148
21 38
22 246
22 81
23 114
23 135
24 148
24 149
25 113
25 175
26 201
26 206
27 54
27 63
28 148
28 150
29 140
29 135
30 162
30 246
31 226
31 73
32 99
32 139
33 39
33 114
34 217
34 191
35 6
35 243
36 49
36 82
37 39
37 164
38 21
38 148
39 114
39 135
40 55
40 16
41 140
41 135
42 224
42 53
43 17
43 179
44 173
44 79
45 81
45 190
46 165
46 119
47 210
47 11
48 108
48 214
49 103
49 212
50 135
50 61
51 173
51 178
52 139
52 204
53 42
53 81
54 27
54 170
55 65
55 86
56 185
56 122
57 49
57 103
58 218
58 219
59 130
59 60
60 130
60 59
61 10
61 135
62 103
62 30
63 111
63 27
64 212
64 106
65 114
65 39
66 74
66 211
67 183
67 230
68 79
68 185
69 29
69 135
70 39
70 135
71 90
71 103
72 144
72 226
73 226
73 140
74 167
74 249
75 47
75 118
76 135
76 99
77 37
77 210
78 63
78 92
79 14
79 39
80 174
80 96
81 106
81 90
82 113
82 1
83 222
83 116
84 30
84 245
85 14
85 2
86 99
86 134
87 224
87 245
88 135
88 185
89 4
89 87
90 103
90 81
91 14
91 17
92 120
92 93
93 47
93 92
94 65
94 17
95 65
95 17
96 190
96 106
97 115
97 5
98 61
98 185
99 76
99 134
100 232
100 187
101 14
101 123
102 185
102 114
103 90
103 30
104 99
104 226
105 106
105 30
106 30
106 81
107 146
107 118
108 48
108 214
109 134
109 99
110 45
110 74
111 10
111 15
112 243
112 217
113 36
113 82
114 39
114 135
115 97
115 5
116 222
116 83
117 135
117 174
118 238
118 160
119 162
119 46
120 106
120 134
121 179
121 120
122 140
122 65
123 14
123 134
124 10
124 41
125 99
125 140
126 192
126 178
127 217
127 191
128 207
128 188
129 185
129 2
130 59
130 60
131 230
131 61
132 88
132 41
133 17
133 16
134 86
134 99
135 114
135 76
136 49
136 103
137 223
137 146
138 32
138 185
139 134
139 14
140 185
140 39
141 30
141 162
142 30
142 162
143 99
143 135
144 39
144 192
145 190
145 216
146 107
146 137
147 191
147 160
148 150
148 215
149 116
149 24
150 233
150 215
151 239
151 135
152 166
152 216
153 134
153 185
154 234
154 193
155 179
155 14
156 225
156 184
157 120
157 121
158 81
158 245
159 141
159 162
160 118
160 210
161 146
161 121
162 30
162 141
163 11
163 2
164 238
164 37
165 119
165 46
166 106
166 81
167 148
167 150
168 135
168 99
169 14
169 123
170 7
170 243
171 166
171 81
172 185
172 86
173 192
173 178
174 76
174 135
175 93
175 25
176 18
176 179
177 99
177 76
178 173
178 192
179 223
179 210
180 69
180 232
181 141
181 49
182 140
182 65
183 135
183 61
184 118
184 75
185 39
185 135
186 62
186 212
187 10
187 244
188 208
188 128
189 127
189 78
190 96
190 106
191 127
191 217
192 173
192 178
193 185
193 65
194 162
194 30
195 117
195 10
196 32
196 190
197 232
197 238
198 231
198 37
199 152
199 84
200 167
200 215
201 206
201 26
202 99
202 166
203 123
203 99
204 74
204 52
205 116
205 83
206 201
206 26
207 128
207 208
208 128
208 207
209 124
209 232
210 223
210 179
211 166
211 30
212 49
212 162
213 61
213 135
214 48
214 108
215 233
215 150
216 134
216 106
217 191
217 112
218 219
218 58
219 218
219 58
220 16
220 133
221 135
221 99
222 116
222 83
223 210
223 179
224 87
224 245
225 179
225 210
226 73
226 140
227 86
227 134
228 141
228 162
229 16
229 99
230 39
230 185
231 147
231 184
232 135
232 61
233 150
233 215
234 135
234 14
235 106
235 174
236 106
236 30
237 135
237 39
238 164
238 61
239 30
239 114
240 179
240 192
241 140
241 30
242 222
242 0
243 6
243 35
244 230
244 187
245 87
245 224
246 81
246 30
247 81
247 62
248 30
248 103
249 150
249 167
250 62
250 103
