0 83
0 222
0 242
1 135
1 174
1 99
2 99
2 14
2 163
3 30
3 106
3 81
4 224
4 45
4 245
5 74
5 115
5 97
6 21
6 35
6 243
7 62
7 49
7 30
8 193
8 99
8 86
9 232
9 135
9 234
10 39
10 185
10 61
11 2
11 163
11 14
12 102
12 15
12 185
13 39
13 10
13 61
14 114
14 99
14 2
15 10
15 39
15 61
16 106
16 94
16 17
17 106
17 65
17 94
18 140
18 114
18 39
19 166
19 212
19 103
20 162
20 62
20 30
21 24
21 148
21 38
22 106
22 246
22 81
23 99
23 114
23 135
24 150
24 148
24 149
25 120
25 113
25 175
26 224
26 201
26 206
27 111
27 54
27 63
28 215
28 148
28 150
29 114
29 140
29 135
30 103
30 162
30 246
31 140
31 226
31 73
32 134
32 99
32 139
33 99
33 39
33 114
34 178
34 217
34 191
35 217
35 6
35 243
36 113
36 49
36 82
37 238
37 39
37 164
38 150
38 148
38 21
39 65
39 114
39 135
40 17
40 55
40 16
41 39
41 140
41 135
42 245
42 53
42 224
43 163
43 179
43 17
44 178
44 173
44 79
45 106
45 81
45 190
46 30
46 165
46 119
47 163
47 210
47 11
48 201
48 108
48 214
49 81
49 103
49 212
50 99
50 135
50 61
51 126
51 173
51 178
52 74
52 139
52 204
53 3
53 81
53 42
54 93
54 27
54 170
55 17
55 65
55 86
56 134
56 185
56 122
57 81
57 103
57 49
58 41
58 218
58 219
59 83
59 130
59 60
60 83
60 130
60 59
61 114
61 135
61 10
62 106
62 103
62 30
63 78
63 27
63 111
64 103
64 212
64 106
65 185
65 114
65 39
66 30
66 74
66 211
67 32
67 183
67 230
68 2
68 79
68 185
69 65
69 29
69 135
70 61
70 39
70 135
71 62
71 90
71 103
72 10
72 144
72 226
73 65
73 226
73 140
74 150
74 167
74 249
75 185
75 47
75 118
76 174
76 135
76 99
77 225
77 37
77 210
78 163
78 63
78 92
79 10
79 14
79 39
80 135
80 96
80 174
81 3
81 106
81 90
82 36
82 113
82 1
83 149
83 222
83 116
84 181
84 30
84 245
85 101
85 2
85 14
86 55
86 99
86 134
87 4
87 224
87 245
88 61
88 135
88 185
89 245
89 87
89 4
90 106
90 103
90 81
91 94
91 14
91 17
92 78
92 120
92 93
93 163
93 47
93 92
94 86
94 65
94 17
95 134
95 65
95 17
96 174
96 190
96 106
97 74
97 115
97 5
98 1
98 61
98 185
99 86
99 134
99 76
100 138
100 232
100 187
101 39
101 14
101 123
102 39
102 185
102 114
103 106
103 90
103 30
104 125
104 99
104 226
105 141
105 106
105 30
106 103
106 81
106 30
107 210
107 146
107 118
108 158
108 48
108 214
109 1
109 134
109 99
110 38
110 45
110 74
111 129
111 10
111 15
112 35
112 243
112 217
113 191
113 36
113 82
114 61
114 39
114 135
115 74
115 97
115 5
116 149
116 83
116 222
117 99
117 135
117 174
118 75
118 238
118 160
119 141
119 162
119 46
120 99
120 106
120 134
121 144
121 179
121 120
122 134
122 140
122 65
123 101
123 14
123 134
124 61
124 41
124 10
125 65
125 99
125 140
126 29
126 192
126 178
127 112
127 217
127 191
128 208
128 207
128 188
129 14
129 185
129 2
130 83
130 59
130 60
131 10
131 230
131 61
132 125
132 88
132 41
133 94
133 17
133 16
134 65
134 86
134 99
135 39
135 114
135 76
136 30
136 103
136 49
137 37
137 223
137 146
138 39
138 32
138 185
139 190
139 134
139 14
140 135
140 185
140 39
141 246
141 30
141 162
142 236
142 30
142 162
143 41
143 99
143 135
144 10
144 39
144 192
145 168
145 190
145 216
146 192
146 107
146 137
147 184
147 191
147 160
148 149
148 150
148 215
149 148
149 116
149 24
150 148
150 215
150 233
151 65
151 239
151 135
152 45
152 166
152 216
153 86
153 134
153 185
154 135
154 234
154 193
155 174
155 179
155 14
156 183
156 225
156 184
157 161
157 120
157 121
158 4
158 81
158 245
159 30
159 141
159 162
160 147
160 118
160 210
161 93
161 146
161 121
162 212
162 30
162 141
163 65
163 11
163 2
164 61
164 238
164 37
165 162
165 46
165 119
166 103
166 106
166 81
167 215
167 148
167 150
168 1
168 135
168 99
169 99
169 14
169 123
170 35
170 7
170 243
171 62
171 166
171 81
172 134
172 185
172 86
173 44
173 192
173 178
174 96
174 76
174 135
175 183
175 93
175 25
176 23
176 18
176 179
177 174
177 99
177 76
178 126
178 192
178 173
179 225
179 223
179 210
180 61
180 69
180 232
181 212
181 141
181 49
182 122
182 65
182 140
183 39
183 61
183 135
184 156
184 118
184 75
185 10
185 39
185 135
186 151
186 62
186 212
187 100
187 10
187 244
188 207
188 208
188 128
189 217
189 127
189 78
190 99
190 96
190 106
191 35
191 217
191 127
192 226
192 178
192 173
193 99
193 185
193 65
194 62
194 162
194 30
195 174
195 117
195 10
196 45
196 32
196 190
197 15
197 232
197 238
198 62
198 231
198 37
199 53
199 84
199 152
200 149
200 167
200 215
201 217
201 26
201 206
202 106
202 99
202 166
203 134
203 123
203 99
204 45
204 74
204 52
205 149
205 116
205 83
206 89
206 201
206 26
207 188
207 128
207 208
208 188
208 128
208 207
209 41
209 124
209 232
210 160
210 223
210 179
211 141
211 166
211 30
212 103
212 49
212 162
213 140
213 61
213 135
214 191
214 108
214 48
215 148
215 233
215 150
216 236
216 106
216 134
217 35
217 191
217 112
218 27
218 219
218 58
219 27
219 218
219 58
220 17
220 133
220 16
221 61
221 135
221 99
222 149
222 116
222 83
223 101
223 179
223 210
224 4
224 87
224 245
225 238
225 179
225 210
226 65
226 73
226 140
227 39
227 86
227 134
228 30
228 162
228 141
229 230
229 16
229 99
230 10
230 185
230 39
231 225
231 147
231 184
232 134
232 135
232 61
233 148
233 150
233 215
234 185
234 135
234 14
235 190
235 106
235 174
236 162
236 106
236 30
237 14
237 135
237 39
238 15
238 164
238 61
239 135
239 30
239 114
240 126
240 179
240 192
241 62
241 140
241 30
242 83
242 222
242 0
243 217
243 6
243 35
244 88
244 230
244 187
245 4
245 87
245 224
246 106
246 30
246 81
247 212
247 81
247 62
248 212
248 30
248 103
249 148
249 167
249 150
250 90
250 103
250 62
