0 166
0 116
0 222
0 83
0 242
1 14
1 76
1 135
1 174
1 99
2 65
2 76
2 99
2 163
2 14
3 103
3 81
3 106
3 30
3 90
4 166
4 87
4 45
4 245
4 224
5 35
5 199
5 115
5 74
5 97
6 38
6 217
6 21
6 35
6 243
7 188
7 103
7 30
7 62
7 49
8 17
8 86
8 193
8 185
8 99
9 106
9 232
9 135
9 234
9 134
10 135
10 140
10 61
10 39
10 185
11 99
11 14
11 163
11 2
11 65
12 99
12 39
12 102
12 15
12 185
13 140
13 39
13 10
13 65
13 61
14 134
14 106
14 99
14 2
14 114
15 185
15 135
15 61
15 39
15 10
16 14
16 99
16 17
16 94
16 106
17 86
17 14
17 106
17 65
17 94
18 2
18 135
18 140
18 114
18 39
19 49
19 162
19 166
19 103
19 212
20 247
20 128
20 162
20 62
20 30
21 167
21 215
21 148
21 24
21 38
22 30
22 103
22 106
22 246
22 81
23 61
23 14
23 99
23 114
23 135
24 222
24 150
24 167
24 148
24 149
25 146
25 92
25 120
25 113
25 175
26 24
26 89
26 224
26 206
26 201
27 218
27 219
27 111
27 54
27 63
28 149
28 24
28 150
28 148
28 215
29 39
29 65
29 114
29 140
29 135
30 106
30 141
30 103
30 162
30 246
31 111
31 173
31 140
31 226
31 73
32 236
32 134
32 196
32 99
32 139
33 61
33 39
33 114
33 99
33 135
34 127
34 173
34 191
34 178
34 217
35 191
35 21
35 6
35 243
35 217
36 30
36 181
36 49
36 113
36 82
37 140
37 160
37 238
37 39
37 164
38 215
38 249
38 150
38 148
38 21
39 140
39 185
39 65
39 114
39 135
40 193
40 134
40 17
40 55
40 16
41 174
41 65
41 39
41 140
41 135
42 87
42 89
42 245
42 53
42 224
43 94
43 41
43 163
43 179
43 17
44 192
44 31
44 178
44 173
44 79
45 14
45 106
45 190
45 81
45 99
46 162
46 141
46 30
46 165
46 119
47 2
47 75
47 163
47 210
47 11
48 139
48 158
48 201
48 108
48 214
49 30
49 181
49 81
49 103
49 212
50 14
50 114
50 135
50 61
50 99
51 179
51 192
51 126
51 173
51 178
52 168
52 45
52 74
52 139
52 204
53 103
53 106
53 3
53 81
53 42
54 2
54 47
54 93
54 27
54 170
55 94
55 134
55 17
55 65
55 86
56 139
56 122
56 185
56 55
56 134
57 45
57 90
57 81
57 103
57 49
58 75
58 137
58 41
58 218
58 219
59 148
59 83
59 74
59 130
59 60
60 148
60 83
60 74
60 130
60 59
61 39
61 185
61 114
61 135
61 10
62 212
62 81
62 106
62 30
62 103
63 2
63 92
63 78
63 27
63 111
64 62
64 236
64 103
64 212
64 106
65 135
65 134
65 114
65 185
65 39
66 204
66 79
66 30
66 74
66 211
67 237
67 127
67 230
67 32
67 183
68 216
68 61
68 185
68 2
68 79
69 185
69 65
69 17
69 29
69 135
70 10
70 114
70 135
70 39
70 61
71 250
71 103
71 30
71 62
71 90
72 41
72 61
72 10
72 144
72 226
73 122
73 39
73 65
73 226
73 140
74 200
74 148
74 150
74 167
74 249
75 192
75 184
75 185
75 47
75 118
76 134
76 39
76 174
76 135
76 99
77 179
77 11
77 225
77 37
77 210
78 62
78 93
78 63
78 163
78 92
79 61
79 185
79 10
79 14
79 39
80 190
80 114
80 135
80 96
80 174
81 166
81 30
81 3
81 106
81 90
82 81
82 1
82 113
82 228
82 36
83 24
83 205
83 149
83 222
83 116
84 3
84 199
84 245
84 30
84 181
85 106
85 103
85 101
85 2
85 14
86 76
86 134
86 55
86 39
86 99
87 42
87 245
87 224
87 89
87 4
88 15
88 65
88 61
88 135
88 185
89 224
89 42
89 245
89 87
89 4
90 3
90 30
90 106
90 103
90 81
91 19
91 49
91 94
91 14
91 17
92 63
92 174
92 120
92 93
92 78
93 54
93 11
93 47
93 163
93 92
94 106
94 65
94 86
94 134
94 17
95 55
95 94
95 134
95 65
95 17
96 99
96 114
96 174
96 190
96 106
97 35
97 199
97 115
97 74
97 5
98 10
98 135
98 61
98 185
98 1
99 114
99 135
99 86
99 134
99 76
100 65
100 109
100 138
100 232
100 187
101 190
101 123
101 39
101 14
101 106
102 135
102 61
102 39
102 185
102 114
103 81
103 62
103 106
103 90
103 30
104 41
104 73
104 125
104 99
104 226
105 62
105 106
105 30
105 236
105 141
106 90
106 236
106 103
106 81
106 30
107 75
107 184
107 210
107 146
107 118
108 206
108 201
108 214
108 48
108 158
109 135
109 14
109 1
109 134
109 99
110 206
110 152
110 38
110 45
110 74
111 140
111 63
111 129
111 10
111 15
112 191
112 6
112 243
112 35
112 217
113 25
113 217
113 191
113 36
113 82
114 106
114 65
114 61
114 39
114 135
115 202
115 199
115 74
115 97
115 5
116 205
116 148
116 149
116 83
116 222
117 1
117 168
117 135
117 174
117 99
118 179
118 75
118 164
118 238
118 160
119 129
119 165
119 46
119 162
119 141
120 135
120 163
120 99
120 106
120 134
121 161
121 144
121 179
121 176
121 120
122 135
122 65
122 140
122 39
122 134
123 174
123 99
123 14
123 101
123 134
124 65
124 15
124 61
124 41
124 10
125 39
125 185
125 65
125 99
125 140
126 173
126 125
126 29
126 178
126 192
127 243
127 35
127 217
127 112
127 191
128 141
128 49
128 208
128 207
128 188
129 65
129 61
129 14
129 2
129 185
130 148
130 83
130 74
130 59
130 60
131 237
131 79
131 10
131 230
131 61
132 69
132 29
132 88
132 41
132 125
133 227
133 220
133 94
133 17
133 16
134 14
134 76
134 65
134 86
134 99
135 185
135 61
135 39
135 114
135 76
136 90
136 81
136 30
136 103
136 49
137 125
137 223
137 37
137 192
137 146
138 234
138 117
138 39
138 32
138 185
139 174
139 99
139 134
139 190
139 14
140 61
140 114
140 135
140 185
140 39
141 181
141 212
141 246
141 30
141 162
142 246
142 141
142 236
142 30
142 162
143 185
143 135
143 114
143 41
143 99
144 210
144 179
144 10
144 39
144 192
145 76
145 174
145 190
145 168
145 216
146 178
146 184
146 192
146 107
146 137
147 231
147 118
147 184
147 160
147 191
148 233
148 167
148 149
148 150
148 215
149 222
149 215
149 148
149 116
149 24
150 28
150 167
150 148
150 215
150 233
151 39
151 114
151 239
151 65
151 135
152 53
152 81
152 45
152 166
152 216
153 213
153 99
153 185
153 86
153 134
154 174
154 193
154 135
154 14
154 234
155 2
155 106
155 174
155 179
155 14
156 172
156 51
156 184
156 183
156 225
157 247
157 163
157 161
157 120
157 121
158 87
158 166
158 245
158 4
158 81
159 2
159 194
159 30
159 141
159 162
160 238
160 37
160 118
160 147
160 210
161 184
161 157
161 146
161 93
161 121
162 236
162 246
162 212
162 30
162 141
163 39
163 14
163 11
163 65
163 2
164 15
164 151
164 37
164 238
164 61
165 30
165 141
165 162
165 46
165 119
166 202
166 106
166 103
166 90
166 81
167 200
167 150
167 148
167 249
167 215
168 61
168 33
168 1
168 135
168 99
169 203
169 234
169 99
169 14
169 123
170 10
170 54
170 35
170 7
170 243
171 190
171 215
171 62
171 81
171 166
172 99
172 39
172 134
172 185
172 86
173 31
173 126
173 44
173 192
173 178
174 99
174 96
174 1
174 76
174 135
175 113
175 183
175 2
175 93
175 25
176 121
176 23
176 210
176 18
176 179
177 170
177 61
177 174
177 99
177 76
178 44
178 226
178 126
178 192
178 173
179 164
179 223
179 176
179 225
179 210
180 41
180 120
180 69
180 61
180 232
181 30
181 162
181 141
181 49
181 212
182 135
182 10
182 122
182 65
182 140
183 14
183 2
183 39
183 61
183 135
184 146
184 107
184 118
184 156
184 75
185 61
185 65
185 10
185 39
185 135
186 39
186 135
186 62
186 212
186 151
187 122
187 244
187 100
187 10
187 230
188 49
188 30
188 208
188 128
188 207
189 92
189 93
189 217
189 127
189 78
190 135
190 134
190 99
190 96
190 106
191 243
191 6
191 35
191 217
191 127
192 73
192 126
192 226
192 178
192 173
193 86
193 99
193 39
193 185
193 65
194 103
194 62
194 30
194 162
194 236
195 61
195 174
195 230
195 117
195 10
196 90
196 81
196 32
196 45
196 190
197 160
197 164
197 15
197 232
197 238
198 160
198 147
198 62
198 231
198 37
199 74
199 245
199 53
199 84
199 152
200 24
200 149
200 167
200 249
200 215
201 48
201 4
201 217
201 26
201 206
202 134
202 106
202 3
202 99
202 166
203 135
203 106
203 134
203 123
203 99
204 243
204 139
204 45
204 74
204 52
205 200
205 24
205 149
205 116
205 83
206 53
206 128
206 89
206 201
206 26
207 103
207 30
207 188
207 128
207 208
208 49
208 30
208 188
208 128
208 207
209 10
209 135
209 41
209 232
209 124
210 164
210 225
210 160
210 223
210 179
211 103
211 62
211 141
211 166
211 30
212 19
212 62
212 103
212 49
212 162
213 39
213 174
213 135
213 61
213 140
214 201
214 48
214 108
214 191
214 217
215 149
215 167
215 150
215 148
215 233
216 166
216 202
216 236
216 106
216 134
217 6
217 243
217 35
217 191
217 112
218 75
218 210
218 27
218 219
218 58
219 64
219 41
219 27
219 218
219 58
220 227
220 94
220 17
220 133
220 16
221 114
221 134
221 61
221 135
221 99
222 24
222 150
222 149
222 116
222 83
223 39
223 101
223 179
223 135
223 210
224 89
224 42
224 87
224 245
224 4
225 124
225 238
225 179
225 210
225 15
226 39
226 122
226 65
226 73
226 140
227 55
227 99
227 134
227 39
227 86
228 49
228 30
228 162
228 141
228 181
229 202
229 230
229 8
229 99
229 16
230 135
230 61
230 10
230 185
230 39
231 44
231 238
231 147
231 225
231 184
232 76
232 135
232 134
232 234
232 61
233 83
233 167
233 148
233 150
233 215
234 76
234 39
234 185
234 135
234 14
235 99
235 96
235 106
235 190
235 174
236 103
236 62
236 106
236 162
236 30
237 185
237 61
237 14
237 135
237 39
238 41
238 10
238 164
238 15
238 61
239 106
239 151
239 30
239 135
239 114
240 29
240 178
240 179
240 126
240 192
241 10
241 61
241 140
241 62
241 30
242 166
242 222
242 83
242 116
242 0
243 170
243 6
243 35
243 21
243 217
244 151
244 65
244 230
244 88
244 187
245 3
245 81
245 4
245 87
245 224
246 103
246 162
246 106
246 30
246 81
247 30
247 141
247 62
247 81
247 212
248 141
248 30
248 103
248 106
248 212
249 74
249 215
249 148
249 167
249 150
250 30
250 22
250 103
250 90
250 62
