0 202
0 242
0 74
0 83
0 116
0 222
0 149
0 166
1 65
1 114
1 61
1 99
1 174
1 76
1 14
1 135
2 140
2 185
2 61
2 65
2 76
2 99
2 163
2 14
3 246
3 49
3 166
3 103
3 81
3 106
3 30
3 90
4 89
4 45
4 245
4 87
4 96
4 61
4 224
4 166
5 167
5 191
5 243
5 199
5 35
5 115
5 74
5 97
6 74
6 205
6 38
6 191
6 217
6 21
6 35
6 243
7 236
7 208
7 188
7 170
7 103
7 30
7 62
7 49
8 123
8 134
8 65
8 17
8 86
8 193
8 185
8 99
9 39
9 76
9 2
9 106
9 232
9 135
9 234
9 134
10 134
10 65
10 114
10 135
10 140
10 61
10 39
10 185
11 134
11 123
11 106
11 99
11 14
11 163
11 2
11 65
12 65
12 41
12 237
12 99
12 39
12 102
12 15
12 185
13 135
13 185
13 114
13 140
13 39
13 10
13 65
13 61
14 61
14 139
14 11
14 134
14 106
14 99
14 2
14 114
15 76
15 114
15 2
15 185
15 135
15 61
15 39
15 10
16 174
16 134
16 1
16 14
16 99
16 17
16 94
16 106
17 55
17 86
17 134
17 16
17 14
17 106
17 65
17 94
18 134
18 2
18 61
18 185
18 135
18 140
18 114
18 39
19 81
19 30
19 141
19 49
19 162
19 166
19 103
19 212
20 188
20 81
20 162
20 62
20 247
20 128
20 141
20 30
21 150
21 249
21 24
21 215
21 167
21 148
21 149
21 38
22 166
22 90
22 212
22 246
22 106
22 30
22 103
22 81
23 76
23 106
23 174
23 61
23 14
23 99
23 114
23 135
24 200
24 28
24 148
24 215
24 150
24 222
24 167
24 149
25 93
25 18
25 1
25 92
25 175
25 113
25 146
25 120
26 245
26 166
26 81
26 24
26 89
26 224
26 206
26 201
27 93
27 11
27 210
27 219
27 218
27 54
27 63
27 111
28 167
28 215
28 148
28 233
28 149
28 150
28 21
28 24
29 226
29 174
29 69
29 39
29 65
29 114
29 140
29 135
30 81
30 141
30 103
30 236
30 246
30 62
30 106
30 162
31 234
31 192
31 173
31 178
31 111
31 73
31 140
31 226
32 106
32 203
32 236
32 196
32 134
32 139
32 99
32 14
33 185
33 134
33 106
33 61
33 39
33 114
33 99
33 135
34 243
34 201
34 112
34 127
34 173
34 191
34 178
34 217
35 170
35 38
35 112
35 21
35 6
35 191
35 243
35 217
36 74
36 103
36 30
36 49
36 113
36 82
36 141
36 181
37 61
37 125
37 226
37 140
37 160
37 238
37 39
37 164
38 24
38 215
38 21
38 150
38 148
38 149
38 249
38 28
39 61
39 76
39 10
39 140
39 185
39 65
39 114
39 135
40 14
40 86
40 94
40 193
40 134
40 17
40 55
40 16
41 106
41 39
41 140
41 114
41 135
41 174
41 122
41 65
42 247
42 4
42 87
42 101
42 89
42 245
42 53
42 224
43 47
43 175
43 237
43 94
43 41
43 163
43 179
43 17
44 50
44 73
44 135
44 31
44 79
44 178
44 192
44 173
45 101
45 139
45 134
45 14
45 106
45 190
45 81
45 99
46 212
46 165
46 162
46 119
46 159
46 141
46 30
46 129
47 14
47 39
47 223
47 163
47 2
47 75
47 210
47 11
48 191
48 45
48 199
48 139
48 158
48 201
48 108
48 214
49 3
49 90
49 30
49 62
49 181
49 81
49 103
49 212
50 39
50 14
50 114
50 185
50 65
50 135
50 61
50 99
51 125
51 126
51 240
51 173
51 178
51 179
51 192
51 213
52 243
52 202
52 45
52 204
52 99
52 139
52 74
52 168
53 212
53 90
53 103
53 245
53 106
53 3
53 81
53 42
54 118
54 146
54 178
54 2
54 47
54 93
54 27
54 170
55 14
55 190
55 95
55 17
55 94
55 134
55 65
55 86
56 76
56 65
56 14
56 139
56 122
56 185
56 55
56 134
57 62
57 134
57 166
57 49
57 90
57 81
57 103
57 45
58 223
58 218
58 219
58 29
58 41
58 137
58 75
58 47
59 167
59 249
59 21
59 148
59 83
59 74
59 130
59 60
60 167
60 249
60 21
60 148
60 83
60 74
60 130
60 59
61 134
61 140
61 65
61 185
61 135
61 10
61 39
61 114
62 49
62 106
62 103
62 81
62 247
62 30
62 212
62 236
63 237
63 11
63 129
63 92
63 2
63 78
63 27
63 111
64 61
64 62
64 236
64 135
64 30
64 212
64 106
64 103
65 61
65 99
65 114
65 135
65 134
65 185
65 39
65 17
66 181
66 52
66 188
66 204
66 211
66 79
66 74
66 30
67 232
67 138
67 131
67 237
67 127
67 230
67 32
67 183
68 1
68 193
68 140
68 216
68 61
68 185
68 2
68 79
69 61
69 94
69 17
69 185
69 65
69 140
69 29
69 135
70 174
70 103
70 61
70 10
70 135
70 39
70 76
70 114
71 136
71 106
71 16
71 250
71 103
71 30
71 62
71 90
72 70
72 140
72 1
72 10
72 144
72 61
72 41
72 226
73 185
73 41
73 125
73 122
73 226
73 140
73 39
73 65
74 222
74 166
74 148
74 215
74 150
74 200
74 167
74 249
75 125
75 118
75 192
75 107
75 184
75 185
75 210
75 47
76 114
76 39
76 134
76 99
76 86
76 1
76 174
76 135
77 75
77 111
77 144
77 179
77 11
77 225
77 37
77 210
78 2
78 237
78 247
78 62
78 93
78 63
78 163
78 92
79 135
79 134
79 106
79 61
79 185
79 10
79 14
79 39
80 168
80 99
80 39
80 190
80 114
80 135
80 96
80 174
81 49
81 90
81 166
81 106
81 246
81 103
81 30
81 3
82 166
82 49
82 103
82 81
82 1
82 113
82 228
82 36
83 242
83 24
83 205
83 149
83 116
83 167
83 222
83 233
84 96
84 81
84 3
84 245
84 30
84 181
84 45
84 199
85 30
85 135
85 101
85 103
85 106
85 11
85 2
85 14
86 94
86 17
86 99
86 134
86 65
86 55
86 39
86 76
87 200
87 74
87 53
87 42
87 245
87 224
87 89
87 4
88 76
88 122
88 39
88 15
88 185
88 65
88 61
88 135
89 206
89 26
89 53
89 245
89 4
89 87
89 42
89 224
90 62
90 49
90 166
90 3
90 30
90 106
90 103
90 81
91 245
91 79
91 3
91 19
91 49
91 94
91 14
91 17
92 123
92 61
92 63
92 185
92 174
92 120
92 93
92 78
93 210
93 101
93 121
93 54
93 11
93 47
93 163
93 92
94 16
94 114
94 14
94 106
94 65
94 86
94 134
94 17
95 14
95 99
95 86
95 94
95 55
95 134
95 65
95 17
96 14
96 65
96 114
96 163
96 99
96 174
96 190
96 106
97 167
97 191
97 243
97 199
97 35
97 115
97 74
97 5
98 39
98 114
98 65
98 10
98 135
98 61
98 185
98 1
99 106
99 65
99 14
99 114
99 135
99 86
99 134
99 76
100 117
100 10
100 65
100 109
100 11
100 138
100 232
100 187
101 45
101 2
101 114
101 190
101 123
101 39
101 14
101 106
102 99
102 140
102 65
102 135
102 114
102 61
102 39
102 185
103 19
103 49
103 81
103 212
103 62
103 106
103 90
103 30
104 134
104 169
104 123
104 125
104 41
104 73
104 99
104 226
105 90
105 79
105 103
105 62
105 106
105 30
105 236
105 141
106 96
106 62
106 190
106 30
106 81
106 90
106 236
106 103
107 160
107 77
107 225
107 75
107 210
107 146
107 184
107 118
108 199
108 191
108 26
108 206
108 201
108 214
108 48
108 158
109 76
109 2
109 1
109 174
109 14
109 135
109 134
109 99
110 249
110 32
110 1
110 152
110 206
110 38
110 45
110 74
111 61
111 31
111 164
111 140
111 63
111 129
111 10
111 15
112 4
112 201
112 127
112 191
112 6
112 243
112 35
112 217
113 243
113 74
113 25
113 127
113 82
113 217
113 191
113 36
114 33
114 14
114 99
114 65
114 135
114 61
114 39
114 106
115 191
115 74
115 89
115 202
115 199
115 35
115 97
115 5
116 150
116 205
116 24
116 83
116 149
116 148
116 249
116 222
117 140
117 190
117 70
117 1
117 168
117 135
117 174
117 99
118 225
118 15
118 179
118 107
118 75
118 164
118 238
118 160
119 212
119 54
119 30
119 141
119 165
119 46
119 162
119 129
120 174
120 81
120 163
120 76
120 135
120 99
120 106
120 134
121 93
121 153
121 146
121 161
121 144
121 179
121 176
121 120
122 226
122 185
122 61
122 135
122 65
122 140
122 39
122 134
123 163
123 76
123 39
123 99
123 14
123 134
123 174
123 101
124 185
124 135
124 153
124 65
124 15
124 61
124 41
124 10
125 122
125 99
125 140
125 185
125 114
125 65
125 39
125 2
126 69
126 192
126 144
126 213
126 29
126 178
126 173
126 125
127 28
127 201
127 6
127 243
127 217
127 191
127 112
127 35
128 247
128 30
128 141
128 49
128 181
128 208
128 207
128 188
129 39
129 140
129 185
129 14
129 65
129 163
129 2
129 61
130 167
130 249
130 21
130 148
130 83
130 74
130 59
130 60
131 2
131 114
131 13
131 237
131 79
131 230
131 61
131 10
132 39
132 14
132 61
132 29
132 88
132 69
132 41
132 125
133 8
133 95
133 193
133 220
133 94
133 17
133 227
133 16
134 190
134 106
134 61
134 76
134 65
134 99
134 86
134 14
135 174
135 99
135 106
135 61
135 114
135 185
135 39
135 76
136 62
136 106
136 212
136 30
136 103
136 49
136 81
136 90
137 210
137 29
137 179
137 125
137 223
137 37
137 192
137 146
138 193
138 100
138 18
138 185
138 117
138 32
138 234
138 39
139 17
139 96
139 1
139 174
139 99
139 134
139 190
139 14
140 99
140 10
140 122
140 61
140 114
140 135
140 185
140 39
141 247
141 81
141 103
141 30
141 246
141 162
141 212
141 181
142 62
142 247
142 141
142 212
142 246
142 236
142 30
142 162
143 15
143 32
143 61
143 135
143 99
143 114
143 41
143 185
144 153
144 72
144 126
144 210
144 179
144 10
144 39
144 192
145 135
145 185
145 123
145 190
145 76
145 168
145 216
145 174
146 37
146 121
146 192
146 161
146 107
146 178
146 184
146 137
147 44
147 146
147 231
147 217
147 118
147 184
147 160
147 191
148 28
148 38
148 24
148 150
148 149
148 215
148 233
148 167
149 249
149 200
149 83
149 24
149 215
149 148
149 116
149 222
150 24
150 222
150 249
150 28
150 167
150 148
150 215
150 233
151 99
151 185
151 114
151 239
151 39
151 61
151 65
151 135
152 103
152 106
152 81
152 45
152 199
152 216
152 53
152 166
153 76
153 1
153 14
153 213
153 99
153 185
153 86
153 134
154 232
154 185
154 1
154 174
154 193
154 135
154 14
154 234
155 99
155 211
155 179
155 14
155 1
155 106
155 2
155 174
156 210
156 107
156 161
156 172
156 51
156 184
156 183
156 225
157 134
157 168
157 99
157 247
157 163
157 161
157 120
157 121
158 62
158 96
158 103
158 87
158 166
158 245
158 4
158 81
159 85
159 129
159 212
159 162
159 194
159 141
159 2
159 30
160 15
160 179
160 164
160 37
160 118
160 147
160 238
160 210
161 127
161 120
161 54
161 184
161 157
161 146
161 93
161 121
162 106
162 81
162 103
162 236
162 246
162 212
162 30
162 141
163 10
163 96
163 99
163 39
163 14
163 11
163 65
163 2
164 140
164 125
164 151
164 37
164 238
164 61
164 15
164 135
165 54
165 159
165 228
165 30
165 141
165 162
165 46
165 119
166 19
166 30
166 3
166 202
166 106
166 103
166 90
166 81
167 233
167 149
167 24
167 200
167 150
167 148
167 249
167 215
168 76
168 174
168 61
168 190
168 33
168 1
168 135
168 99
169 139
169 234
169 99
169 203
169 14
169 134
169 76
169 123
170 134
170 163
170 35
170 7
170 10
170 54
170 2
170 243
171 149
171 90
171 190
171 24
171 215
171 62
171 81
171 166
172 65
172 14
172 76
172 99
172 39
172 134
172 185
172 86
173 144
173 226
173 51
173 31
173 126
173 44
173 192
173 178
174 190
174 106
174 114
174 99
174 96
174 1
174 76
174 135
175 18
175 11
175 120
175 113
175 183
175 93
175 2
175 25
176 125
176 137
176 140
176 121
176 23
176 210
176 18
176 179
177 163
177 125
177 174
177 170
177 76
177 1
177 99
177 61
178 144
178 179
178 44
178 51
178 126
178 192
178 226
178 173
179 121
179 155
179 15
179 164
179 223
179 176
179 225
179 210
180 15
180 166
180 140
180 41
180 120
180 69
180 61
180 232
181 62
181 103
181 236
181 30
181 162
181 141
181 49
181 212
182 39
182 73
182 10
182 193
182 135
182 122
182 65
182 140
183 65
183 14
183 61
183 135
183 134
183 39
183 2
183 185
184 210
184 147
184 225
184 118
184 75
184 146
184 107
184 156
185 134
185 114
185 140
185 65
185 10
185 61
185 39
185 135
186 79
186 61
186 65
186 39
186 135
186 62
186 212
186 151
187 17
187 185
187 234
187 122
187 244
187 100
187 10
187 230
188 62
188 49
188 7
188 247
188 30
188 208
188 128
188 207
189 112
189 243
189 35
189 92
189 93
189 217
189 127
189 78
190 45
190 135
190 65
190 114
190 134
190 99
190 96
190 106
191 214
191 112
191 243
191 217
191 6
191 35
191 147
191 127
192 125
192 226
192 173
192 73
192 178
192 126
192 240
192 144
193 10
193 17
193 140
193 86
193 99
193 39
193 185
193 65
194 246
194 106
194 141
194 103
194 62
194 30
194 162
194 236
195 76
195 23
195 10
195 174
195 230
195 61
195 1
195 117
196 139
196 135
196 81
196 32
196 106
196 45
196 90
196 190
197 179
197 118
197 238
197 164
197 160
197 15
197 210
197 232
198 197
198 238
198 160
198 231
198 37
198 62
198 147
198 232
199 4
199 89
199 167
199 245
199 74
199 53
199 84
199 152
200 74
200 205
200 150
200 24
200 149
200 167
200 249
200 215
201 89
201 24
201 217
201 48
201 26
201 4
201 112
201 206
202 167
202 45
202 81
202 134
202 106
202 3
202 99
202 166
203 101
203 174
203 135
203 14
203 106
203 134
203 123
203 99
204 99
204 243
204 168
204 202
204 139
204 45
204 74
204 52
205 150
205 215
205 222
205 200
205 24
205 149
205 116
205 83
206 81
206 207
206 53
206 224
206 89
206 26
206 201
206 128
207 247
207 181
207 141
207 103
207 30
207 188
207 128
207 208
208 7
208 141
208 188
208 30
208 103
208 49
208 128
208 207
209 174
209 164
209 238
209 10
209 135
209 41
209 232
209 124
210 15
210 144
210 47
210 223
210 164
210 225
210 160
210 179
211 216
211 62
211 30
211 103
211 166
211 141
211 101
211 81
212 81
212 30
212 141
212 19
212 62
212 103
212 49
212 162
213 76
213 99
213 135
213 39
213 185
213 140
213 61
213 174
214 89
214 112
214 158
214 108
214 48
214 201
214 191
214 217
215 28
215 149
215 200
215 249
215 167
215 150
215 148
215 233
216 152
216 145
216 99
216 202
216 166
216 236
216 106
216 134
217 201
217 127
217 38
217 6
217 243
217 35
217 191
217 112
218 47
218 27
218 219
218 146
218 75
218 11
218 210
218 58
219 123
219 223
219 174
219 64
219 41
219 27
219 218
219 58
220 40
220 8
220 109
220 94
220 17
220 227
220 133
220 16
221 39
221 106
221 135
221 134
221 114
221 61
221 99
221 33
222 242
222 215
222 0
222 24
222 116
222 149
222 150
222 83
223 14
223 61
223 2
223 39
223 101
223 179
223 135
223 210
224 24
224 4
224 74
224 245
224 89
224 87
224 167
224 42
225 61
225 118
225 144
225 124
225 238
225 179
225 210
225 15
226 10
226 29
226 61
226 122
226 39
226 65
226 73
226 140
227 16
227 94
227 17
227 55
227 99
227 134
227 39
227 86
228 62
228 247
228 246
228 49
228 30
228 162
228 141
228 181
229 101
229 76
229 2
229 202
229 230
229 8
229 99
229 16
230 102
230 114
230 39
230 135
230 15
230 185
230 61
230 10
231 118
231 75
231 238
231 147
231 225
231 184
231 44
231 64
232 10
232 99
232 185
232 76
232 135
232 134
232 234
232 61
233 116
233 249
233 28
233 150
233 167
233 215
233 148
233 83
234 134
234 106
234 39
234 174
234 76
234 185
234 135
234 14
235 139
235 16
235 1
235 96
235 106
235 174
235 190
235 99
236 17
236 246
236 103
236 114
236 62
236 106
236 162
236 30
237 247
237 49
237 185
237 62
237 61
237 14
237 135
237 39
238 65
238 160
238 37
238 41
238 10
238 164
238 15
238 61
239 236
239 99
239 39
239 106
239 151
239 30
239 135
239 114
240 51
240 125
240 29
240 75
240 179
240 178
240 126
240 192
241 39
241 185
241 162
241 10
241 61
241 140
241 62
241 30
242 74
242 202
242 83
242 116
242 222
242 149
242 166
242 0
243 74
243 6
243 21
243 112
243 35
243 38
243 217
243 170
244 234
244 187
244 151
244 135
244 134
244 230
244 88
244 65
245 89
245 42
245 224
245 87
245 3
245 4
245 53
245 81
246 62
246 141
246 22
246 103
246 162
246 106
246 30
246 81
247 106
247 103
247 30
247 49
247 141
247 62
247 81
247 212
248 19
248 49
248 62
248 141
248 30
248 103
248 106
248 212
249 116
249 200
249 149
249 150
249 215
249 74
249 167
249 148
250 106
250 71
250 237
250 30
250 22
250 103
250 90
250 62
