0 176
0 51
0 169
1 156
1 76
1 66
2 160
2 136
2 161
3 103
3 23
3 154
4 171
4 102
4 162
5 124
5 86
5 139
6 176
6 113
6 28
7 160
7 78
7 51
8 21
8 154
8 3
9 176
9 52
9 161
10 120
10 161
10 118
11 72
11 165
11 79
12 136
12 110
12 161
13 175
13 102
13 163
14 63
14 120
14 39
15 20
15 57
15 85
16 86
16 5
16 43
17 175
17 31
17 10
18 160
18 9
18 176
19 110
19 161
19 10
20 15
20 92
20 174
21 10
21 161
21 109
22 17
22 67
22 161
23 145
23 154
23 31
24 5
24 44
24 161
25 165
25 136
25 161
26 118
26 143
26 39
27 136
27 161
27 77
28 173
28 51
28 160
29 161
29 162
29 17
30 10
30 136
30 161
31 17
31 153
31 23
32 25
32 45
32 161
33 77
33 154
33 161
34 149
34 39
34 136
35 176
35 74
35 161
36 22
36 2
36 136
37 109
37 154
37 161
38 136
38 77
38 161
39 10
39 120
39 118
40 1
40 105
40 156
41 104
41 118
41 91
42 28
42 78
42 7
43 10
43 16
43 161
44 136
44 2
44 161
45 79
45 170
45 44
46 161
46 2
46 136
47 136
47 180
47 161
48 6
48 9
48 90
49 102
49 154
49 161
50 28
50 7
50 160
51 28
51 176
51 160
52 38
52 9
52 161
53 110
53 33
53 161
54 161
54 124
54 139
55 171
55 31
55 145
56 25
56 161
56 44
57 15
57 161
57 46
58 102
58 13
58 82
59 145
59 95
59 102
60 80
60 154
60 161
61 109
61 161
61 33
62 145
62 31
62 23
63 161
63 118
63 10
64 17
64 79
64 154
65 69
65 17
65 161
66 167
66 20
66 1
67 161
67 110
67 170
68 103
68 155
68 5
69 136
69 87
69 161
70 173
70 177
70 160
71 51
71 28
71 169
72 103
72 11
72 9
73 102
73 162
73 95
74 25
74 169
74 161
75 155
75 87
75 11
76 169
76 164
76 28
77 33
77 161
77 38
78 176
78 51
78 7
79 31
79 64
79 11
80 161
80 60
80 154
81 155
81 69
81 161
82 64
82 58
82 79
83 15
83 177
83 133
84 161
84 25
84 47
85 161
85 117
85 25
86 136
86 161
86 5
87 77
87 161
87 69
88 1
88 50
88 156
89 74
89 161
89 33
90 161
90 103
90 102
91 104
91 161
91 118
92 66
92 20
92 174
93 81
93 67
93 86
94 33
94 80
94 122
95 46
95 162
95 73
96 25
96 175
96 131
97 136
97 161
97 154
98 162
98 17
98 102
99 161
99 22
99 91
100 173
100 168
100 138
101 28
101 160
101 176
102 33
102 25
102 13
103 33
103 161
103 165
104 10
104 91
104 118
105 28
105 9
105 176
106 33
106 109
106 125
107 0
107 136
107 161
108 160
108 51
108 173
109 21
109 38
109 161
110 165
110 170
110 67
111 176
111 56
111 138
112 74
112 103
112 181
113 176
113 6
113 9
114 176
114 51
114 160
115 67
115 93
115 86
116 69
116 181
116 87
117 128
117 30
117 85
118 39
118 10
118 104
119 102
119 165
119 136
120 118
120 10
120 39
121 52
121 38
121 9
122 169
122 77
122 176
123 51
123 160
123 28
124 77
124 109
124 161
125 85
125 161
125 165
126 17
126 175
126 162
127 31
127 129
127 171
128 176
128 74
128 161
129 165
129 25
129 103
130 67
130 76
130 113
131 162
131 175
131 171
132 104
132 161
132 17
133 176
133 177
133 135
134 33
134 136
134 161
135 77
135 33
135 99
136 2
136 169
136 161
137 161
137 69
137 81
138 160
138 100
138 168
139 161
139 5
139 25
140 25
140 11
140 165
141 161
141 51
141 176
142 161
142 124
142 10
143 136
143 109
143 161
144 13
144 17
144 163
145 23
145 175
145 31
146 165
146 134
146 8
147 47
147 25
147 84
148 74
148 44
148 25
149 161
149 74
149 33
150 120
150 67
150 39
151 161
151 102
151 176
152 136
152 161
152 10
153 175
153 23
153 31
154 169
154 33
154 161
155 124
155 38
155 179
156 9
156 76
156 121
157 161
157 25
157 95
158 174
158 1
158 113
159 45
159 163
159 59
160 28
160 176
160 51
161 2
161 176
161 136
162 145
162 17
162 175
163 25
163 102
163 13
164 160
164 169
164 76
165 110
165 25
165 67
166 43
166 139
166 124
167 136
167 177
167 25
168 51
168 100
168 138
169 74
169 136
169 161
170 110
170 161
170 67
171 102
171 31
171 131
172 145
172 129
172 171
173 160
173 51
173 28
174 15
174 92
174 20
175 162
175 17
175 145
176 28
176 160
176 51
177 173
177 70
177 25
178 69
178 17
178 161
179 161
179 69
179 155
180 161
180 171
180 47
181 161
181 74
181 69
182 136
182 10
182 161
