0 173
0 160
0 10
0 28
0 74
0 161
0 176
0 51
0 169
1 92
1 174
1 159
1 82
1 20
1 40
1 156
1 76
1 66
2 176
2 74
2 173
2 169
2 44
2 51
2 161
2 160
2 136
3 106
3 11
3 33
3 8
3 103
3 154
3 23
3 62
3 31
4 39
4 110
4 175
4 17
4 74
4 136
4 102
4 171
4 162
5 170
5 25
5 136
5 161
5 139
5 11
5 86
5 154
5 124
6 9
6 154
6 52
6 176
6 56
6 175
6 161
6 113
6 28
7 2
7 168
7 42
7 28
7 50
7 176
7 160
7 51
7 78
8 103
8 5
8 31
8 90
8 171
8 79
8 21
8 154
8 3
9 136
9 52
9 161
9 176
9 51
9 74
9 72
9 154
9 165
10 176
10 170
10 91
10 120
10 169
10 161
10 39
10 17
10 118
11 33
11 67
11 17
11 161
11 25
11 103
11 72
11 165
11 79
12 74
12 169
12 5
12 67
12 25
12 165
12 136
12 110
12 161
13 67
13 79
13 103
13 17
13 25
13 102
13 175
13 165
13 163
14 34
14 90
14 5
14 163
14 59
14 118
14 63
14 120
14 39
15 73
15 162
15 4
15 98
15 36
15 67
15 20
15 57
15 85
16 165
16 37
16 136
16 38
16 161
16 43
16 5
16 86
16 67
17 67
17 170
17 162
17 21
17 22
17 161
17 31
17 175
17 10
18 169
18 170
18 52
18 122
18 113
18 51
18 9
18 176
18 160
19 38
19 25
19 170
19 161
19 69
19 110
19 10
19 2
19 67
20 130
20 113
20 98
20 159
20 92
20 1
20 174
20 15
20 66
21 104
21 154
21 136
21 118
21 23
21 17
21 109
21 10
21 161
22 77
22 25
22 165
22 161
22 110
22 17
22 136
22 67
22 38
23 62
23 17
23 21
23 161
23 10
23 153
23 145
23 31
23 154
24 154
24 179
24 38
24 161
24 5
24 77
24 21
24 124
24 44
25 33
25 102
25 165
25 110
25 161
25 169
25 136
25 67
25 74
26 89
26 8
26 165
26 178
26 104
26 17
26 118
26 143
26 39
27 5
27 109
27 69
27 44
27 124
27 86
27 77
27 136
27 161
28 74
28 2
28 161
28 136
28 169
28 51
28 176
28 160
28 173
29 136
29 126
29 140
29 36
29 117
29 161
29 72
29 162
29 17
30 39
30 118
30 38
30 169
30 154
30 22
30 10
30 136
30 161
31 161
31 10
31 175
31 171
31 154
31 145
31 17
31 153
31 23
32 170
32 2
32 67
32 45
32 136
32 161
32 25
32 95
32 128
33 102
33 10
33 77
33 25
33 74
33 109
33 103
33 154
33 161
34 72
34 181
34 74
34 67
34 149
34 17
34 10
34 39
34 136
35 128
35 136
35 25
35 149
35 176
35 161
35 74
35 2
35 51
36 38
36 125
36 161
36 74
36 15
36 22
36 136
36 2
36 59
37 74
37 181
37 2
37 38
37 179
37 136
37 109
37 154
37 161
38 33
38 22
38 10
38 69
38 109
38 169
38 136
38 77
38 161
39 2
39 25
39 91
39 120
39 118
39 136
39 10
39 102
39 104
40 9
40 168
40 111
40 6
40 7
40 76
40 1
40 105
40 156
41 79
41 10
41 31
41 102
41 171
41 162
41 104
41 118
41 91
42 100
42 160
42 51
42 50
42 7
42 78
42 28
42 2
42 173
43 87
43 10
43 38
43 103
43 16
43 69
43 136
43 134
43 161
44 25
44 122
44 136
44 46
44 67
44 148
44 2
44 161
44 176
45 13
45 25
45 175
45 170
45 44
45 64
45 2
45 79
45 102
46 22
46 57
46 74
46 25
46 169
46 161
46 44
46 2
46 136
47 46
47 22
47 25
47 91
47 84
47 136
47 161
47 180
47 44
48 113
48 102
48 79
48 163
48 130
48 156
48 9
48 6
48 90
49 136
49 97
49 33
49 161
49 102
49 64
49 154
49 10
49 25
50 100
50 78
50 28
50 173
50 151
50 7
50 51
50 176
50 160
51 10
51 136
51 169
51 176
51 28
51 161
51 173
51 2
51 160
52 176
52 77
52 10
52 136
52 74
52 33
52 38
52 9
52 161
53 176
53 74
53 169
53 136
53 69
53 33
53 10
53 110
53 161
54 17
54 77
54 162
54 85
54 161
54 10
54 124
54 125
54 139
55 67
55 154
55 91
55 31
55 23
55 17
55 171
55 161
55 145
56 33
56 134
56 169
56 176
56 74
56 2
56 25
56 161
56 44
57 72
57 11
57 67
57 136
57 15
57 170
57 110
57 161
57 46
58 150
58 102
58 13
58 82
58 66
58 63
58 92
58 163
58 1
59 136
59 85
59 162
59 175
59 25
59 46
59 102
59 145
59 95
60 25
60 136
60 74
60 80
60 95
60 169
60 33
60 154
60 161
61 11
61 178
61 106
61 49
61 69
61 21
61 161
61 109
61 33
62 104
62 21
62 17
62 153
62 175
62 31
62 145
62 154
62 23
63 136
63 30
63 39
63 182
63 161
63 118
63 120
63 10
63 104
64 25
64 74
64 154
64 17
64 165
64 11
64 102
64 79
64 161
65 77
65 22
65 109
65 154
65 69
65 79
65 161
65 103
65 17
66 59
66 58
66 92
66 14
66 159
66 20
66 1
66 174
66 167
67 17
67 103
67 22
67 25
67 136
67 110
67 165
67 170
67 161
68 3
68 81
68 65
68 124
68 5
68 103
68 155
68 128
68 154
69 109
69 103
69 136
69 33
69 10
69 87
69 161
69 181
69 38
70 50
70 173
70 28
70 34
70 177
70 160
70 51
70 85
70 136
71 9
71 110
71 173
71 136
71 176
71 28
71 51
71 160
71 169
72 25
72 170
72 110
72 74
72 136
72 161
72 11
72 9
72 103
73 79
73 136
73 23
73 74
73 60
73 95
73 102
73 162
73 33
74 51
74 69
74 33
74 103
74 136
74 25
74 2
74 169
74 161
75 141
75 115
75 103
75 68
75 87
75 11
75 116
75 155
75 165
76 95
76 121
76 123
76 164
76 130
76 122
76 160
76 28
76 169
77 109
77 91
77 38
77 103
77 169
77 136
77 161
77 2
77 33
78 2
78 42
78 28
78 168
78 160
78 51
78 7
78 138
78 176
79 23
79 17
79 64
79 11
79 165
79 31
79 103
79 102
79 154
80 176
80 33
80 17
80 165
80 22
80 10
80 161
80 60
80 154
81 43
81 77
81 103
81 38
81 161
81 69
81 179
81 86
81 155
82 144
82 58
82 45
82 36
82 159
82 133
82 17
82 79
82 64
83 72
83 85
83 73
83 135
83 15
83 4
83 117
83 177
83 133
84 62
84 22
84 38
84 91
84 136
84 47
84 104
84 25
84 161
85 33
85 136
85 165
85 22
85 148
85 74
85 161
85 117
85 25
86 103
86 67
86 25
86 38
86 136
86 5
86 124
86 161
86 77
87 10
87 109
87 103
87 2
87 161
87 51
87 77
87 176
87 69
88 58
88 100
88 123
88 119
88 48
88 50
88 159
88 1
88 156
89 154
89 77
89 25
89 165
89 38
89 136
89 33
89 74
89 161
90 124
90 33
90 120
90 25
90 39
90 64
90 161
90 103
90 102
91 25
91 39
91 175
91 136
91 77
91 104
91 10
91 118
91 161
92 159
92 98
92 15
92 135
92 58
92 1
92 66
92 20
92 174
93 146
93 155
93 86
93 67
93 103
93 81
93 3
93 115
93 11
94 0
94 17
94 165
94 51
94 161
94 176
94 80
94 122
94 33
95 169
95 136
95 145
95 33
95 44
95 162
95 39
95 73
95 46
96 162
96 175
96 145
96 171
96 153
96 25
96 31
96 131
96 17
97 182
97 17
97 170
97 176
97 136
97 161
97 33
97 154
97 69
98 136
98 175
98 154
98 4
98 13
98 79
98 102
98 162
98 17
99 44
99 4
99 80
99 135
99 162
99 136
99 22
99 161
99 91
100 176
100 160
100 51
100 91
100 9
100 173
100 168
100 28
100 138
101 113
101 105
101 138
101 76
101 51
101 28
101 111
101 160
101 176
102 31
102 122
102 175
102 13
102 25
102 165
102 163
102 161
102 33
103 170
103 69
103 67
103 77
103 74
103 11
103 33
103 161
103 165
104 170
104 63
104 161
104 39
104 118
104 21
104 17
104 10
104 91
105 56
105 160
105 161
105 168
105 176
105 28
105 9
105 121
105 51
106 161
106 145
106 33
106 103
106 30
106 109
106 125
106 10
106 31
107 51
107 69
107 28
107 176
107 154
107 9
107 0
107 136
107 161
108 176
108 122
108 25
108 2
108 28
108 51
108 125
108 160
108 173
109 69
109 136
109 33
109 124
109 21
109 161
109 77
109 10
109 38
110 160
110 182
110 25
110 67
110 165
110 170
110 169
110 136
110 161
111 28
111 168
111 173
111 176
111 160
111 51
111 161
111 56
111 138
112 69
112 11
112 2
112 77
112 74
112 38
112 33
112 181
112 103
113 130
113 52
113 18
113 160
113 51
113 9
113 28
113 6
113 176
114 50
114 161
114 1
114 100
114 28
114 136
114 51
114 176
114 160
115 161
115 79
115 155
115 86
115 93
115 16
115 81
115 143
115 67
116 170
116 161
116 182
116 38
116 69
116 87
116 103
116 181
116 74
117 38
117 91
117 4
117 128
117 30
117 162
117 85
117 161
117 136
118 17
118 170
118 21
118 120
118 161
118 91
118 39
118 10
118 104
119 72
119 11
119 161
119 67
119 181
119 102
119 103
119 165
119 136
120 169
120 104
120 25
120 63
120 170
120 161
120 39
120 118
120 10
121 156
121 44
121 105
121 136
121 38
121 52
121 9
121 2
121 74
122 160
122 51
122 102
122 165
122 136
122 44
122 169
122 77
122 176
123 173
123 122
123 9
123 136
123 76
123 176
123 160
123 51
123 28
124 86
124 154
124 109
124 33
124 38
124 161
124 5
124 77
124 25
125 64
125 170
125 106
125 67
125 103
125 25
125 85
125 161
125 165
126 25
126 17
126 175
126 13
126 162
126 74
126 31
126 102
126 145
127 180
127 55
127 56
127 153
127 8
127 47
127 171
127 129
127 31
128 169
128 25
128 136
128 109
128 103
128 33
128 74
128 161
128 176
129 33
129 11
129 165
129 17
129 23
129 25
129 103
129 79
129 154
130 165
130 170
130 176
130 74
130 67
130 113
130 169
130 76
130 160
131 74
131 25
131 175
131 17
131 171
131 145
131 162
131 96
131 91
132 102
132 64
132 161
132 31
132 104
132 17
132 118
132 10
132 38
133 15
133 83
133 25
133 99
133 85
133 177
133 176
133 162
133 135
134 169
134 38
134 77
134 22
134 33
134 154
134 25
134 136
134 161
135 103
135 161
135 22
135 102
135 106
135 136
135 77
135 33
135 99
136 44
136 28
136 46
136 169
136 25
136 161
136 160
136 2
136 67
137 33
137 10
137 122
137 11
137 97
137 81
137 69
137 161
137 77
138 136
138 111
138 28
138 176
138 160
138 168
138 100
138 51
138 173
139 179
139 33
139 154
139 11
139 23
139 64
139 161
139 5
139 25
140 79
140 161
140 17
140 25
140 165
140 11
140 39
140 129
140 90
141 69
141 9
141 33
141 122
141 169
141 51
141 176
141 10
141 161
142 91
142 179
142 38
142 136
142 69
142 10
142 86
142 161
142 124
143 77
143 22
143 182
143 109
143 124
143 26
143 136
143 17
143 161
144 165
144 64
144 149
144 175
144 162
144 13
144 17
144 163
144 25
145 102
145 165
145 62
145 169
145 17
145 162
145 175
145 31
145 23
146 5
146 86
146 79
146 23
146 90
146 64
146 134
146 165
146 8
147 17
147 82
147 175
147 2
147 84
147 153
147 25
147 47
147 79
148 30
148 2
148 85
148 136
148 22
148 25
148 74
148 44
148 161
149 162
149 35
149 17
149 64
149 33
149 74
149 154
149 161
149 170
150 165
150 17
150 118
150 136
150 161
150 120
150 67
150 10
150 39
151 51
151 50
151 72
151 176
151 17
151 161
151 102
151 152
151 181
152 120
152 25
152 104
152 39
152 118
152 91
152 161
152 10
152 136
153 145
153 154
153 175
153 17
153 96
153 62
153 23
153 171
153 31
154 182
154 23
154 31
154 33
154 169
154 161
154 10
154 97
154 136
155 109
155 5
155 154
155 81
155 69
155 68
155 124
155 38
155 179
156 6
156 64
156 48
156 40
156 100
156 1
156 9
156 76
156 121
157 72
157 45
157 90
157 103
157 67
157 102
157 95
157 25
157 161
158 51
158 105
158 28
158 174
158 1
158 20
158 6
158 114
158 113
159 33
159 1
159 79
159 163
159 45
159 82
159 59
159 11
159 102
160 110
160 161
160 136
160 169
160 2
160 173
160 51
160 176
160 28
161 25
161 51
161 109
161 169
161 33
161 10
161 2
161 176
161 136
162 4
162 73
162 131
162 126
162 170
162 17
162 95
162 175
162 145
163 45
163 79
163 33
163 170
163 102
163 25
163 162
163 17
163 13
164 9
164 122
164 39
164 95
164 169
164 160
164 28
164 136
164 76
165 17
165 102
165 67
165 11
165 161
165 103
165 170
165 110
165 25
166 79
166 149
166 103
166 8
166 139
166 64
166 124
166 43
166 181
167 82
167 175
167 129
167 46
167 66
167 59
167 177
167 25
167 136
168 169
168 173
168 160
168 9
168 28
168 176
168 51
168 100
168 138
169 10
169 28
169 2
169 176
169 160
169 161
169 74
169 136
169 51
170 2
170 25
170 165
170 17
170 136
170 110
170 161
170 10
170 67
171 145
171 153
171 17
171 180
171 162
171 175
171 102
171 31
171 131
172 90
172 74
172 162
172 23
172 33
172 91
172 171
172 145
172 129
173 103
173 161
173 136
173 176
173 28
173 51
173 160
173 2
173 169
174 11
174 135
174 66
174 1
174 15
174 92
174 20
174 117
174 6
175 91
175 31
175 25
175 162
175 17
175 13
175 153
175 102
175 145
176 136
176 2
176 10
176 28
176 173
176 161
176 169
176 160
176 51
177 133
177 145
177 84
177 162
177 96
177 175
177 173
177 25
177 70
178 103
178 136
178 69
178 17
178 77
178 154
178 33
178 181
178 161
179 17
179 67
179 154
179 139
179 38
179 10
179 161
179 69
179 155
180 104
180 162
180 80
180 17
180 91
180 161
180 171
180 47
180 25
181 72
181 102
181 33
181 136
181 103
181 44
181 161
181 74
181 69
182 169
182 118
182 67
182 33
182 154
182 136
182 110
182 10
182 161
