104
85
163
131
133
57
95
201
32
121
221
105
135
102
234
54
166
118
31
101
58
21
182
125
141
74
120
94
246
225
75
109
89
115
155
78
39
46
68
73
197
106
184
249
223
52
204
51
227
111
96
79
219
56
17
123
99
153
159
80
34
12
86
226
107
28
150
176
188
20
37
244
181
171
14
210
67
177
110
44
25
167
1
61
156
129
60
168
196
154
126
195
6
198
26
65
193
183
63
138
53
247
212
72
189
64
41
238
88
27
190
242
158
128
216
19
148
136
77
178
