63
167
145
70
13
106
75
45
79
199
78
41
184
180
65
142
193
187
150
17
132
183
48
196
241
237
56
242
40
28
37
111
250
140
156
149
20
198
84
137
81
197
171
158
131
16
233
27
4
39
223
135
168
201
23
10
11
136
219
58
226
52
35
228
179
91
57
118
238
151
25
67
178
154
62
231
212
173
240
205
176
166
121
114
19
105
164
172
124
221
86
174
2
9
165
207
116
133
66
177
113
49
71
15
192
247
139
235
77
191
189
117
195
215
217
161
24
90
107
22
