132
134
103
144
18
175
79
197
183
213
194
88
53
11
129
224
178
14
236
235
168
83
77
62
249
30
215
163
21
127
4
171
208
43
200
162
126
196
41
156
60
28
5
115
159
51
73
123
204
135
39
190
42
31
122
54
84
1
26
193
206
187
138
180
13
188
37
241
94
246
15
167
52
212
87
32
70
238
59
218
172
181
233
110
191
34
242
207
12
186
170
48
157
155
125
128
57
221
192
71
151
152
229
166
24
104
89
216
40
137
114
149
217
195
96
111
243
203
97
63
