226
164
242
94
102
213
188
156
194
70
40
42
41
35
64
222
123
135
117
220
150
114
1
101
18
195
204
136
74
139
47
238
184
76
48
61
0
241
146
190
143
191
126
181
250
34
228
55
43
245
183
3
85
218
110
128
2
132
134
236
193
208
5
6
244
106
205
109
99
196
15
138
59
96
173
207
206
86
162
100
158
60
84
232
237
118
142
82
177
145
148
115
249
73
13
72
95
133
37
215
212
32
62
180
216
51
24
223
91
161
69
16
103
182
104
45
88
49
25
198
