161
52
5
167
189
122
177
228
139
210
19
129
221
20
190
123
26
101
17
84
234
143
112
245
16
4
18
239
71
57
241
117
200
21
45
113
108
0
159
201
61
25
169
43
109
56
53
172
22
208
203
155
32
115
97
98
7
42
105
170
184
54
8
96
95
192
211
147
193
119
250
191
107
136
39
134
73
176
60
207
100
114
118
152
63
141
188
89
66
164
78
87
229
12
68
99
55
199
10
58
218
195
166
194
148
163
154
198
121
116
151
90
187
206
132
205
91
227
127
126
