150
169
29
152
187
22
5
147
207
220
35
212
172
170
144
21
83
119
110
120
98
6
66
122
238
49
12
2
216
43
96
215
74
192
42
18
121
79
19
107
181
123
176
44
211
179
24
118
62
36
82
127
4
99
146
249
30
93
222
91
126
94
164
221
97
11
55
45
194
64
158
234
184
156
15
33
51
28
236
26
242
109
213
75
41
112
69
90
89
241
244
224
174
102
225
131
72
154
81
160
189
56
130
133
223
183
37
151
210
13
20
73
237
137
52
57
191
208
232
214
