200
152
137
67
31
85
118
177
68
145
23
154
170
35
101
213
206
105
0
225
3
87
51
224
83
113
44
1
20
22
191
188
74
173
95
84
28
40
55
86
199
54
64
124
52
218
103
147
110
77
184
194
72
100
183
168
230
180
202
63
249
164
232
90
32
94
159
210
196
116
81
138
126
151
123
11
25
223
209
239
17
158
238
140
131
214
39
205
48
171
62
69
45
18
222
244
16
120
13
41
115
174
60
216
15
134
248
117
98
91
79
146
219
228
190
129
237
24
4
34
