10
113
69
116
124
139
122
168
191
36
228
215
129
54
148
0
92
197
190
178
151
235
161
133
84
211
140
213
180
248
86
107
18
7
159
47
43
32
188
67
13
1
45
238
141
29
40
236
31
131
244
106
35
160
239
37
98
189
63
79
230
201
60
135
120
123
21
176
12
27
196
210
117
121
187
182
204
65
30
53
226
249
237
172
83
4
70
208
50
15
52
170
2
64
247
24
152
126
119
58
218
19
186
175
112
137
80
95
46
100
108
6
68
5
246
76
242
9
99
185
