3
122
22
231
175
7
128
235
163
19
37
239
136
113
146
234
13
25
126
104
211
100
63
16
44
152
142
30
243
190
170
43
123
191
62
164
219
183
76
244
29
91
21
182
149
114
1
225
133
33
247
143
150
32
40
102
67
186
228
103
85
222
224
38
207
212
49
56
24
203
127
223
27
58
242
139
201
75
93
68
52
107
46
10
55
60
141
81
177
119
197
147
64
168
110
159
36
238
71
6
15
156
45
17
226
158
214
193
194
96
79
178
179
218
241
249
232
229
237
59
