65
75
105
197
192
239
226
149
80
117
68
78
137
127
170
0
83
18
231
96
28
232
171
124
11
97
59
187
208
205
36
185
225
179
156
27
121
66
21
188
164
186
235
173
6
93
136
178
10
9
142
242
50
138
183
26
17
39
190
155
45
145
177
81
140
76
227
207
92
174
200
162
71
215
37
41
95
4
14
216
51
214
47
101
175
163
44
144
13
132
210
22
33
154
104
212
114
221
237
8
3
112
89
169
116
106
125
167
128
206
60
211
70
57
19
49
73
42
91
100
