230
8
224
92
213
186
19
170
225
42
172
205
176
175
150
87
144
136
116
211
222
196
47
122
197
118
209
71
32
111
50
158
146
147
77
86
72
216
48
106
10
121
243
36
24
163
99
168
226
65
49
185
162
89
85
88
44
107
247
90
165
239
250
148
15
117
5
33
177
3
123
249
96
26
215
145
154
142
135
126
245
78
229
242
84
236
127
37
63
221
246
129
151
182
233
61
184
82
80
94
201
62
23
73
104
110
231
75
14
160
69
52
109
27
204
128
188
166
217
152
