0 51
0 169
1 76
1 66
2 136
2 161
3 23
3 154
4 102
4 162
5 86
5 139
6 28
6 113
7 78
7 51
8 154
8 3
9 52
9 161
10 118
10 161
11 165
11 79
12 110
12 161
13 102
13 163
14 120
14 39
15 85
15 57
16 5
16 43
17 31
17 10
18 9
18 176
19 161
19 10
20 92
20 174
21 161
21 109
22 67
22 161
23 154
23 31
24 44
24 161
25 136
25 161
26 143
26 39
27 161
27 77
28 51
28 160
29 162
29 17
30 136
30 161
31 153
31 23
32 45
32 161
33 154
33 161
34 39
34 136
35 74
35 161
36 2
36 136
37 154
37 161
38 161
38 77
39 120
39 118
40 105
40 156
41 118
41 91
42 78
42 7
43 161
43 16
44 2
44 161
45 170
45 44
46 2
46 136
47 180
47 161
48 9
48 90
49 154
49 161
50 7
50 160
51 176
51 160
52 9
52 161
53 33
53 161
54 139
54 124
55 31
55 145
56 44
56 161
57 161
57 46
58 13
58 82
59 95
59 102
60 154
60 161
61 161
61 33
62 31
62 23
63 118
63 10
64 79
64 154
65 17
65 161
66 20
66 1
67 110
67 170
68 155
68 5
69 87
69 161
70 160
70 177
71 169
71 28
72 9
72 11
73 162
73 95
74 169
74 161
75 87
75 11
76 28
76 164
77 38
77 161
78 51
78 7
79 64
79 11
80 154
80 60
81 69
81 161
82 58
82 79
83 177
83 133
84 25
84 47
85 117
85 25
86 161
86 5
87 161
87 69
88 50
88 156
89 161
89 33
90 103
90 102
91 161
91 118
92 20
92 174
93 67
93 86
94 122
94 80
95 162
95 73
96 175
96 131
97 161
97 154
98 17
98 102
99 22
99 91
100 168
100 138
101 160
101 176
102 25
102 13
103 165
103 161
104 91
104 118
105 9
105 176
106 109
106 125
107 136
107 161
108 51
108 173
109 38
109 161
110 170
110 67
111 56
111 138
112 103
112 181
113 9
113 6
114 51
114 160
115 86
115 93
116 181
116 87
117 30
117 85
118 10
118 104
119 165
119 136
120 10
120 39
121 38
121 9
122 176
122 77
123 160
123 28
124 109
124 161
125 161
125 165
126 175
126 162
127 129
127 171
128 74
128 161
129 25
129 103
130 76
130 113
131 175
131 171
132 161
132 17
133 177
133 135
134 136
134 161
135 33
135 99
136 169
136 161
137 69
137 81
138 100
138 168
139 25
139 5
140 11
140 165
141 51
141 176
142 124
142 10
143 109
143 161
144 163
144 17
145 31
145 175
146 134
146 8
147 25
147 84
148 44
148 25
149 74
149 33
150 67
150 39
151 102
151 176
152 161
152 10
153 23
153 31
154 33
154 161
155 38
155 179
156 76
156 121
157 25
157 95
158 1
158 113
159 163
159 59
160 176
160 51
161 176
161 136
162 17
162 175
163 102
163 13
164 169
164 76
165 25
165 67
166 139
166 124
167 177
167 25
168 100
168 138
169 161
169 136
170 161
170 67
171 131
171 31
172 129
172 171
173 51
173 28
174 92
174 20
175 17
175 145
176 160
176 51
177 70
177 25
178 17
178 161
179 69
179 155
180 171
180 47
181 74
181 69
182 10
182 161
