0 74
0 161
0 176
0 51
0 169
1 20
1 40
1 156
1 76
1 66
2 173
2 51
2 161
2 160
2 136
3 31
3 8
3 103
3 23
3 154
4 17
4 136
4 102
4 171
4 162
5 154
5 11
5 124
5 86
5 139
6 161
6 56
6 176
6 113
6 28
7 50
7 176
7 160
7 51
7 78
8 79
8 171
8 21
8 154
8 3
9 72
9 74
9 161
9 176
9 52
10 17
10 169
10 120
10 161
10 118
11 25
11 103
11 72
11 165
11 79
12 25
12 165
12 136
12 110
12 161
13 25
13 102
13 175
13 165
13 163
14 59
14 118
14 63
14 120
14 39
15 36
15 98
15 20
15 57
15 85
16 161
16 43
16 5
16 86
16 67
17 170
17 161
17 31
17 175
17 10
18 113
18 51
18 9
18 176
18 160
19 67
19 110
19 2
19 161
19 10
20 1
20 66
20 15
20 92
20 174
21 136
21 17
21 10
21 161
21 109
22 110
22 136
22 17
22 67
22 161
23 10
23 153
23 145
23 31
23 154
24 124
24 77
24 5
24 44
24 161
25 67
25 74
25 136
25 161
25 165
26 17
26 104
26 118
26 143
26 39
27 124
27 86
27 77
27 136
27 161
28 169
28 51
28 176
28 160
28 173
29 117
29 161
29 72
29 162
29 17
30 118
30 22
30 10
30 136
30 161
31 154
31 145
31 17
31 153
31 23
32 128
32 136
32 25
32 45
32 161
33 109
33 103
33 77
33 154
33 161
34 10
34 74
34 149
34 39
34 136
35 51
35 2
35 176
35 74
35 161
36 15
36 59
36 22
36 2
36 136
37 179
37 136
37 109
37 154
37 161
38 69
38 109
38 136
38 77
38 161
39 102
39 136
39 118
39 10
39 120
40 7
40 76
40 1
40 105
40 156
41 162
41 102
41 104
41 118
41 91
42 2
42 173
42 28
42 78
42 7
43 38
43 103
43 10
43 16
43 161
44 46
44 67
44 2
44 161
44 136
45 175
45 102
45 170
45 44
45 79
46 25
46 169
46 161
46 2
46 136
47 44
47 84
47 136
47 180
47 161
48 102
48 156
48 9
48 6
48 90
49 25
49 64
49 161
49 154
49 102
50 173
50 51
50 28
50 7
50 160
51 161
51 173
51 28
51 176
51 160
52 136
52 33
52 38
52 9
52 161
53 69
53 33
53 10
53 110
53 161
54 10
54 125
54 161
54 124
54 139
55 161
55 17
55 171
55 31
55 145
56 176
56 74
56 25
56 161
56 44
57 67
57 136
57 15
57 161
57 46
58 63
58 66
58 13
58 82
58 102
59 175
59 46
59 145
59 95
59 102
60 169
60 74
60 80
60 154
60 161
61 69
61 21
61 161
61 109
61 33
62 175
62 154
62 145
62 31
62 23
63 120
63 104
63 161
63 118
63 10
64 102
64 165
64 154
64 17
64 79
65 79
65 103
65 69
65 17
65 161
66 159
66 20
66 1
66 174
66 167
67 136
67 110
67 165
67 170
67 161
68 128
68 154
68 103
68 155
68 5
69 10
69 136
69 87
69 161
69 38
70 136
70 51
70 173
70 177
70 160
71 176
71 160
71 51
71 28
71 169
72 136
72 161
72 11
72 9
72 103
73 60
73 95
73 102
73 162
73 33
74 136
74 25
74 2
74 169
74 161
75 165
75 116
75 155
75 87
75 11
76 130
76 160
76 169
76 164
76 28
77 169
77 136
77 33
77 161
77 38
78 168
78 160
78 176
78 51
78 7
79 154
79 64
79 31
79 11
79 17
80 22
80 10
80 161
80 60
80 154
81 86
81 179
81 155
81 69
81 161
82 159
82 45
82 64
82 58
82 79
83 117
83 4
83 15
83 177
83 133
84 104
84 136
84 47
84 25
84 161
85 165
85 136
85 161
85 117
85 25
86 124
86 77
86 136
86 161
86 5
87 176
87 51
87 77
87 161
87 69
88 159
88 48
88 1
88 50
88 156
89 165
89 136
89 33
89 74
89 161
90 39
90 25
90 161
90 103
90 102
91 77
91 104
91 10
91 118
91 161
92 58
92 1
92 66
92 20
92 174
93 11
93 86
93 81
93 67
93 115
94 161
94 176
94 80
94 122
94 33
95 44
95 162
95 39
95 73
95 46
96 31
96 153
96 25
96 175
96 131
97 17
97 33
97 136
97 161
97 154
98 13
98 79
98 102
98 162
98 17
99 135
99 136
99 22
99 161
99 91
100 9
100 28
100 173
100 168
100 138
101 111
101 51
101 28
101 160
101 176
102 165
102 175
102 13
102 25
102 33
103 77
103 74
103 33
103 161
103 165
104 39
104 118
104 17
104 10
104 91
105 51
105 121
105 28
105 9
105 176
106 103
106 10
106 33
106 109
106 125
107 154
107 176
107 0
107 136
107 161
108 28
108 51
108 125
108 160
108 173
109 10
109 33
109 21
109 38
109 161
110 136
110 161
110 165
110 170
110 67
111 160
111 161
111 176
111 56
111 138
112 38
112 33
112 74
112 103
112 181
113 51
113 28
113 176
113 6
113 9
114 28
114 136
114 51
114 176
114 160
115 16
115 81
115 67
115 93
115 86
116 38
116 87
116 69
116 181
116 74
117 136
117 161
117 128
117 30
117 85
118 161
118 91
118 39
118 10
118 104
119 181
119 102
119 103
119 165
119 136
120 170
120 161
120 39
120 118
120 10
121 2
121 74
121 52
121 38
121 9
122 102
122 165
122 169
122 77
122 176
123 76
123 176
123 160
123 51
123 28
124 5
124 33
124 77
124 109
124 161
125 103
125 25
125 85
125 161
125 165
126 102
126 74
126 175
126 162
126 17
127 55
127 47
127 171
127 129
127 31
128 103
128 33
128 74
128 161
128 176
129 23
129 165
129 79
129 25
129 103
130 160
130 169
130 67
130 76
130 113
131 91
131 171
131 162
131 96
131 175
132 118
132 31
132 104
132 161
132 17
133 85
133 177
133 176
133 162
133 135
134 154
134 25
134 33
134 136
134 161
135 106
135 136
135 77
135 33
135 99
136 25
136 160
136 2
136 169
136 161
137 97
137 81
137 69
137 161
137 77
138 51
138 28
138 168
138 100
138 160
139 23
139 64
139 161
139 5
139 25
140 39
140 25
140 90
140 11
140 165
141 169
141 51
141 176
141 10
141 161
142 69
142 10
142 86
142 161
142 124
143 17
143 124
143 136
143 109
143 161
144 162
144 13
144 17
144 163
144 25
145 17
145 162
145 175
145 31
145 23
146 90
146 64
146 134
146 165
146 8
147 79
147 175
147 25
147 47
147 84
148 161
148 22
148 74
148 44
148 25
149 170
149 154
149 161
149 74
149 33
150 161
150 120
150 67
150 10
150 39
151 72
151 17
151 161
151 102
151 176
152 118
152 91
152 161
152 10
152 136
153 171
153 17
153 175
153 23
153 31
154 10
154 31
154 169
154 33
154 161
155 69
155 81
155 124
155 38
155 179
156 40
156 1
156 9
156 76
156 121
157 67
157 102
157 95
157 25
157 161
158 114
158 1
158 6
158 174
158 113
159 102
159 82
159 45
159 163
159 59
160 2
160 173
160 51
160 176
160 28
161 33
161 10
161 2
161 176
161 136
162 170
162 17
162 95
162 175
162 145
163 170
163 17
163 102
163 25
163 13
164 28
164 136
164 169
164 160
164 76
165 11
165 110
165 103
165 25
165 67
166 64
166 181
166 139
166 43
166 124
167 66
167 59
167 177
167 25
167 136
168 28
168 176
168 51
168 100
168 138
169 160
169 161
169 74
169 136
169 51
170 136
170 110
170 161
170 10
170 67
171 175
171 162
171 102
171 31
171 131
172 33
172 91
172 171
172 145
172 129
173 2
173 176
173 28
173 160
173 51
174 1
174 6
174 15
174 92
174 20
175 25
175 31
175 162
175 17
175 145
176 173
176 161
176 28
176 160
176 51
177 175
177 96
177 173
177 70
177 25
178 77
178 17
178 69
178 181
178 161
179 10
179 38
179 161
179 69
179 155
180 91
180 161
180 171
180 47
180 25
181 103
181 44
181 161
181 74
181 69
182 154
182 136
182 110
182 10
182 161
