0 327
0 1452
1 2933
1 158
2 1277
2 583
3 1095
3 64
4 3018
4 467
5 1556
5 651
6 2174
6 2423
7 1991
7 108
8 1631
8 3317
9 2982
9 1007
10 1097
10 839
11 1166
11 2034
12 677
12 150
13 1894
13 1901
14 1248
14 146
15 2359
15 2275
16 616
16 2416
17 2150
17 879
18 2245
18 3278
19 3308
19 1338
20 3150
20 1485
21 987
21 1667
22 1762
22 1506
23 1490
23 268
24 3286
24 2027
25 1399
25 2331
26 2153
26 395
27 2785
27 2023
28 2657
28 1678
29 1918
29 3014
30 23
30 532
31 170
31 882
32 1416
32 203
33 1250
33 2461
34 1300
34 2641
35 2130
35 89
36 1920
36 763
37 1745
37 232
38 2680
38 2446
39 105
39 1412
40 237
40 631
41 461
41 1059
42 2024
42 2862
43 1915
43 1759
44 2012
44 1845
45 2188
45 939
46 656
46 1047
47 2900
47 18
48 314
48 1812
49 2894
49 2994
50 2529
50 358
51 453
51 311
52 1114
52 274
53 2291
53 799
54 1822
54 2378
55 1011
55 2330
56 808
56 2608
57 3096
57 2589
58 284
58 2009
59 236
59 2826
60 925
60 916
61 169
61 350
62 2656
62 1817
63 835
63 1053
64 1095
64 3
65 2686
65 2630
66 1062
66 1882
67 671
67 1960
68 2411
68 829
69 157
69 3200
70 782
70 991
71 328
71 660
72 717
72 2702
73 2949
73 1779
74 1458
74 2972
75 34
75 1300
76 2644
76 2530
77 2803
77 1075
78 2043
78 1687
79 1102
79 2089
80 359
80 3029
81 1527
81 558
82 2980
82 2039
83 3318
83 2447
84 2269
84 215
85 2893
85 2564
86 2258
86 1857
87 2918
87 2215
88 583
88 3084
89 2130
89 35
90 2784
90 123
91 2313
91 878
92 3253
92 379
93 1613
93 1111
94 2793
94 1192
95 2332
95 1551
96 119
96 1322
97 2572
97 902
98 386
98 2511
99 2017
99 2045
100 2158
100 1810
101 1085
101 852
102 1639
102 1748
103 487
103 2130
104 3274
104 95
105 2698
105 1412
106 1246
106 2776
107 3091
107 919
108 2109
108 7
109 761
109 427
110 1704
110 2269
111 1896
111 251
112 2280
112 1249
113 3121
113 962
114 1028
114 2074
115 1466
115 2162
116 728
116 3310
117 1010
117 1472
118 1934
118 1522
119 96
119 3134
120 3111
120 1650
121 736
121 3137
122 827
122 2421
123 90
123 1381
124 2343
124 2626
125 1633
125 831
126 333
126 1446
127 2003
127 143
128 1156
128 672
129 2777
129 798
130 749
130 1364
131 23
131 1633
132 118
132 2721
133 1899
133 2798
134 1557
134 874
135 376
135 1912
136 453
136 2887
137 2991
137 1122
138 1533
138 493
139 2031
139 1858
140 1547
140 1713
141 1485
141 2683
142 1455
142 1002
143 42
143 127
144 1398
144 1399
145 1978
145 3121
146 14
146 1248
147 1725
147 428
148 1222
148 1770
149 957
149 348
150 677
150 12
151 2519
151 1875
152 1587
152 1429
153 3116
153 856
154 136
154 798
155 922
155 2776
156 3084
156 1334
157 2309
157 1178
158 1
158 2933
159 2346
159 465
160 926
160 934
161 3070
161 2003
162 1962
162 1680
163 3182
163 2862
164 1389
164 2317
165 1802
165 2760
166 1530
166 3101
167 2900
167 2909
168 1334
168 372
169 61
169 1484
170 1222
170 31
171 1694
171 689
172 2321
172 2322
173 738
173 3148
174 2099
174 1289
175 718
175 2941
176 2750
176 465
177 1971
177 2442
178 3154
178 2251
179 688
179 2092
180 351
180 2639
181 495
181 2825
182 2800
182 1113
183 1841
183 2588
184 1871
184 1825
185 18
185 3278
186 2237
186 2883
187 1484
187 2113
188 266
188 2619
189 1802
189 1557
190 1782
190 2693
191 1927
191 1390
192 1152
192 596
193 1024
193 572
194 870
194 397
195 3202
195 781
196 2936
196 2629
197 522
197 1830
198 688
198 1521
199 1476
199 2317
200 2064
200 3086
201 1144
201 2381
202 900
202 1594
203 1416
203 32
204 1348
204 2855
205 2835
205 212
206 1546
206 772
207 2860
207 270
208 2170
208 218
209 364
209 399
210 2837
210 3183
211 2980
211 1444
212 2835
212 2296
213 1499
213 2064
214 1568
214 2485
215 809
215 84
216 580
216 184
217 422
217 1319
218 2966
218 2706
219 1947
219 2254
220 1034
220 493
221 273
221 1481
222 1694
222 689
223 3171
223 1008
224 2834
224 2139
225 1528
225 3036
226 1151
226 1847
227 2551
227 2619
228 1410
228 1233
229 2023
229 2785
230 3313
230 1977
231 1070
231 892
232 37
232 333
233 719
233 2738
234 3215
234 2993
235 256
235 1440
236 3111
236 59
237 40
237 3308
238 918
238 735
239 2057
239 1249
240 2175
240 89
241 15
241 1471
242 2519
242 2299
243 1456
243 1025
244 2368
244 1808
245 1754
245 2359
246 2829
246 2564
247 1031
247 2126
248 1934
248 513
249 2567
249 2568
250 1211
250 1001
251 1569
251 111
252 2240
252 927
253 3004
253 3249
254 3248
254 1822
255 1100
255 1928
256 2483
256 235
257 3151
257 1456
258 2128
258 2829
259 1896
259 1055
260 2350
260 196
261 1698
261 1361
262 1125
262 1597
263 737
263 2277
264 3297
264 247
265 2220
265 2452
266 3298
266 1809
267 749
267 551
268 3324
268 23
269 2499
269 370
270 207
270 2423
271 2269
271 110
272 2765
272 2764
273 1481
273 2645
274 3263
274 52
275 1159
275 2754
276 2567
276 2568
277 2237
277 2881
278 760
278 2469
279 907
279 1994
280 2862
280 453
281 720
281 1035
282 3041
282 3308
283 3252
283 1045
284 58
284 2009
285 1418
285 2066
286 1466
286 2674
287 1598
287 3308
288 2252
288 1361
289 2181
289 775
290 2500
290 2701
291 873
291 1433
292 594
292 1344
293 2771
293 1585
294 3150
294 478
295 1678
295 3061
296 353
296 1226
297 1094
297 513
298 680
298 2089
299 1507
299 1057
300 1221
300 383
301 1873
301 2267
302 2064
302 686
303 1895
303 1508
304 2025
304 494
305 2547
305 2929
306 1451
306 657
307 1157
307 2234
308 1151
308 1204
309 1119
309 1577
310 1878
310 2937
311 2596
311 1755
312 470
312 2026
313 3128
313 2103
314 2418
314 2416
315 369
315 580
316 1930
316 2932
317 1033
317 411
318 717
318 3311
319 265
319 2220
320 2408
320 2962
321 3083
321 2227
322 2224
322 1879
323 482
323 942
324 147
324 3013
325 330
325 3184
326 3085
326 1311
327 3025
327 1382
328 660
328 71
329 2517
329 2617
330 3184
330 325
331 1709
331 1083
332 3215
332 247
333 2780
333 232
334 1676
334 659
335 2804
335 1088
336 1180
336 1058
337 1075
337 3060
338 232
338 1227
339 2163
339 920
340 3034
340 1622
341 1714
341 1869
342 2497
342 2920
343 2192
343 1773
344 3289
344 2238
345 669
345 809
346 2064
346 1580
347 1591
347 1064
348 209
348 149
349 1929
349 1043
350 1877
350 1668
351 2639
351 180
352 2429
352 2879
353 2889
353 1222
354 249
354 3006
355 2972
355 1121
356 2450
356 442
357 1373
357 2350
358 50
358 971
359 80
359 3029
360 388
360 2912
361 2360
361 1517
362 2554
362 2338
363 2115
363 2474
364 209
364 399
365 630
365 1593
366 3323
366 572
367 318
367 2966
368 1905
368 1993
369 315
369 580
370 269
370 2499
371 1369
371 1746
372 1334
372 168
373 1117
373 912
374 1411
374 1726
375 2710
375 1569
376 135
376 1691
377 2650
377 2070
378 2500
378 1138
379 3253
379 92
380 2155
380 1628
381 2957
381 2956
382 2100
382 2353
383 1085
383 989
384 2202
384 2699
385 646
385 1700
386 98
386 2511
387 736
387 2399
388 2115
388 2444
389 2111
389 2990
390 2105
390 600
391 2440
391 2995
392 1565
392 1656
393 2457
393 956
394 1333
394 1986
395 26
395 350
396 2887
396 744
397 1522
397 194
398 1702
398 2947
399 209
399 1991
400 956
400 1564
401 2740
401 2741
402 2413
402 2439
403 2393
403 3185
404 2706
404 438
405 1477
405 271
406 684
406 733
407 2967
407 2688
408 3092
408 1664
409 1529
409 2988
410 1990
410 656
411 317
411 1033
412 1449
412 226
413 2519
413 450
414 1761
414 1128
415 1146
415 2533
416 2253
416 1417
417 2578
417 670
418 980
418 2873
419 476
419 1102
420 1504
420 1933
421 3010
421 1094
422 1603
422 2867
423 3149
423 1097
424 2919
424 2171
425 2414
425 1081
426 2887
426 1086
427 109
427 2559
428 1725
428 147
429 83
429 707
430 2913
430 1656
431 600
431 2352
432 1762
432 2669
433 2868
433 453
434 827
434 1591
435 1670
435 1665
436 2873
436 2317
437 2558
437 2922
438 2706
438 404
439 985
439 2011
440 3047
440 1303
441 2501
441 2812
442 1842
442 2448
443 2406
443 857
444 1494
444 693
445 2422
445 2201
446 1296
446 1222
447 1667
447 3248
448 1361
448 1090
449 2067
449 1922
450 1532
450 413
451 2217
451 930
452 2218
452 1654
453 3115
453 2782
454 3000
454 2291
455 1565
455 1656
456 1598
456 2227
457 1366
457 1377
458 2431
458 2358
459 576
459 196
460 1635
460 1663
461 2445
461 41
462 3318
462 3166
463 2904
463 904
464 1292
464 1136
465 159
465 2661
466 1359
466 3138
467 2945
467 4
468 238
468 2101
469 624
469 2262
470 76
470 312
471 1676
471 713
472 1551
472 3274
473 2550
473 2202
474 3202
474 3017
475 392
475 2496
476 2602
476 1102
477 1662
477 2127
478 1280
478 294
479 1715
479 3105
480 1370
480 571
481 516
481 1216
482 3276
482 938
483 2624
483 2623
484 2612
484 1210
485 285
485 1052
486 509
486 3308
487 3304
487 699
488 2015
488 1179
489 2832
489 2258
490 283
490 1207
491 2286
491 3164
492 627
492 2839
493 2151
493 2821
494 2025
494 304
495 2475
495 2825
496 933
496 861
497 1779
497 832
498 390
498 600
499 788
499 2274
500 3249
500 1809
501 2330
501 1011
502 1840
502 353
503 823
503 589
504 865
504 2578
505 1609
505 2548
506 287
506 2694
507 440
507 283
508 1809
508 2180
509 3228
509 2891
510 2826
510 2827
511 2376
511 625
512 2605
512 611
513 248
513 297
514 2810
514 2809
515 1383
515 3299
516 2610
516 1280
517 2131
517 403
518 2057
518 1718
519 3146
519 3147
520 1446
520 1584
521 620
521 964
522 197
522 1830
523 2349
523 1840
524 1537
524 2788
525 1501
525 681
526 3314
526 638
527 2664
527 2047
528 2097
528 3073
529 2577
529 1499
530 973
530 3312
531 2185
531 1437
532 1843
532 30
533 2690
533 2691
534 1174
534 1263
535 946
535 2402
536 2446
536 2908
537 2172
537 2000
538 1568
538 623
539 830
539 697
540 771
540 555
541 738
541 110
542 2295
542 1020
543 2783
543 2165
544 1532
544 2302
545 478
545 1854
546 3277
546 2423
547 2734
547 142
548 2565
548 1668
549 1238
549 2566
550 2903
550 2631
551 1195
551 267
552 3245
552 2149
553 2700
553 2677
554 786
554 1790
555 540
555 1945
556 3198
556 2221
557 493
557 2151
558 1527
558 81
559 1901
559 13
560 555
560 45
561 2580
561 2581
562 32
562 203
563 2154
563 1939
564 3216
564 3048
565 2369
565 2434
566 1410
566 2515
567 2486
567 3221
568 3023
568 1839
569 1426
569 573
570 2914
570 1786
571 353
571 480
572 1379
572 193
573 569
573 1426
574 2571
574 1518
575 2605
575 2208
576 2099
576 459
577 2100
577 376
578 2790
578 2186
579 674
579 1410
580 315
580 369
581 1189
581 2793
582 3215
582 2189
583 2
583 2384
584 1039
584 2531
585 1118
585 2398
586 1377
586 72
587 489
587 1449
588 12
588 1275
589 2587
589 3283
590 1233
590 2206
591 2414
591 1527
592 2417
592 2571
593 1213
593 2438
594 1344
594 2917
595 3216
595 1701
596 1152
596 192
597 1762
597 3174
598 3111
598 3176
599 2359
599 2897
600 2105
600 390
601 490
601 155
602 2543
602 1858
603 1471
603 682
604 727
604 692
605 1485
605 2683
606 1090
606 930
607 2869
607 1143
608 2889
608 2119
609 2839
609 1006
610 3317
610 771
611 512
611 2605
612 684
612 1316
613 2603
613 1667
614 1538
614 849
615 3211
615 1113
616 373
616 912
617 363
617 619
618 236
618 2103
619 626
619 617
620 2605
620 1987
621 434
621 1790
622 373
622 1605
623 632
623 538
624 865
624 3153
625 1692
625 511
626 1028
626 2414
627 2936
627 1128
628 1274
628 3323
629 2577
629 2092
630 365
630 1751
631 768
631 40
632 538
632 623
633 495
633 1470
634 782
634 462
635 1529
635 1370
636 961
636 3144
637 2440
637 808
638 526
638 2218
639 747
639 2566
640 1252
640 1147
641 751
641 1446
642 567
642 3120
643 2887
643 1741
644 895
644 2282
645 2778
645 1092
646 2800
646 720
647 514
647 1437
648 1059
648 2573
649 808
649 2450
650 2356
650 2584
651 727
651 5
652 226
652 452
653 318
653 3311
654 2009
654 1741
655 3201
655 3200
656 1783
656 410
657 1360
657 658
658 1922
658 657
659 2946
659 334
660 328
660 71
661 152
661 2638
662 2012
662 269
663 2386
663 756
664 2438
664 1203
665 2260
665 2698
666 2138
666 1487
667 278
667 1530
668 2852
668 2387
669 2630
669 345
670 2845
670 417
671 67
671 1960
672 1738
672 1156
673 1293
673 3261
674 110
674 579
675 1222
675 1755
676 392
676 2496
677 12
677 1275
678 1449
678 2817
679 1043
679 2498
680 2293
680 298
681 525
681 1501
682 603
682 2954
683 1903
683 1542
684 2999
684 1006
685 3313
685 2042
686 2868
686 2021
687 189
687 3200
688 179
688 2436
689 1694
689 222
690 2948
690 2939
691 2396
691 2823
692 14
692 604
693 2655
693 444
694 2262
694 3294
695 537
695 1682
696 2358
696 2352
697 539
697 3106
698 149
698 2453
699 1719
699 487
700 2269
700 902
701 1905
701 2374
702 2928
702 2772
703 2269
703 110
704 737
704 688
705 3193
705 1947
706 2773
706 1784
707 429
707 1939
708 1568
708 1808
709 1703
709 2795
710 2754
710 2086
711 3102
711 3103
712 334
712 1792
713 2588
713 471
714 943
714 3069
715 2405
715 2404
716 2776
716 561
717 2702
717 72
718 824
718 906
719 1494
719 2759
720 3123
720 2873
721 1679
721 2952
722 2862
722 3107
723 2796
723 1720
724 982
724 1740
725 2348
725 1144
726 374
726 898
727 604
727 1242
728 1218
728 1186
729 494
729 2750
730 2985
730 1529
731 2385
731 2310
732 24
732 1250
733 684
733 406
734 2516
734 1651
735 1473
735 238
736 3294
736 2463
737 2422
737 263
738 541
738 734
739 1529
739 2986
740 742
740 1416
741 196
741 459
742 1416
742 740
743 1074
743 2
744 2235
744 396
745 585
745 2398
746 3028
746 2422
747 803
747 1723
748 2373
748 1619
749 3060
749 267
750 900
750 1065
751 641
751 1446
752 3146
752 782
753 3093
753 1947
754 906
754 2893
755 2488
755 1214
756 2386
756 663
757 1289
757 1420
758 2795
758 282
759 2723
759 2862
760 1555
760 278
761 109
761 2375
762 2816
762 2430
763 411
763 36
764 1264
764 976
765 985
765 1508
766 1868
766 1186
767 1153
767 3230
768 1956
768 1473
769 1843
769 1866
770 2647
770 1591
771 540
771 2911
772 2958
772 1546
773 2405
773 2264
774 3299
774 515
775 2784
775 289
776 450
776 1915
777 285
777 1311
778 893
778 2296
779 2618
779 2498
780 1930
780 1387
781 3285
781 2793
782 1216
782 3146
783 2835
783 2534
784 3109
784 3113
785 3161
785 1397
786 2793
786 900
787 419
787 664
788 3262
788 499
789 3176
789 3177
790 3026
790 1000
791 2309
791 2333
792 3131
792 156
793 995
793 916
794 1405
794 1357
795 2308
795 2533
796 451
796 2196
797 1726
797 2368
798 1304
798 405
799 53
799 2797
800 340
800 363
801 1391
801 2756
802 1854
802 1573
803 1723
803 747
804 939
804 1776
805 151
805 1561
806 2938
806 2787
807 941
807 1219
808 3294
808 2562
809 215
809 345
810 63
810 1913
811 3265
811 1792
812 92
812 2602
813 483
813 2020
814 318
814 1108
815 2069
815 3211
816 2427
816 2426
817 951
817 1638
818 2356
818 2633
819 2734
819 1455
820 2464
820 1388
821 2220
821 1964
822 1522
822 928
823 1456
823 2317
824 718
824 3091
825 2877
825 3161
826 1463
826 1458
827 2147
827 122
828 77
828 2537
829 1266
829 3273
830 2135
830 2692
831 2396
831 125
832 2445
832 497
833 3011
833 1739
834 1328
834 2935
835 2181
835 2238
836 2505
836 2136
837 2589
837 589
838 3260
838 1142
839 10
839 2487
840 1560
840 2477
841 3240
841 1459
842 250
842 1963
843 2579
843 2551
844 746
844 1154
845 362
845 2593
846 1931
846 1728
847 1429
847 1399
848 2922
848 3151
849 1747
849 614
850 2878
850 3190
851 2172
851 929
852 101
852 2317
853 2252
853 3232
854 1207
854 1247
855 1860
855 1956
856 153
856 1780
857 443
857 2406
858 2321
858 881
859 2391
859 1678
860 3296
860 2497
861 1905
861 496
862 1269
862 2895
863 829
863 1360
864 1091
864 2874
865 1836
865 2578
866 2071
866 3239
867 3308
867 2039
868 3182
868 1508
869 1684
869 1436
870 2686
870 194
871 1042
871 1001
872 3083
872 1665
873 3064
873 3225
874 2862
874 134
875 2286
875 2797
876 2581
876 1180
877 1379
877 1155
878 1665
878 91
879 17
879 2150
880 2013
880 3313
881 2698
881 2228
882 31
882 2246
883 1227
883 191
884 2512
884 1172
885 835
885 1062
886 1872
886 2182
887 1327
887 1644
888 571
888 788
889 1028
889 2129
890 860
890 2454
891 1108
891 1493
892 2794
892 231
893 2008
893 2318
894 1668
894 1973
895 2785
895 2023
896 2443
896 685
897 737
897 3090
898 726
898 1931
899 1706
899 907
900 786
900 1309
901 1810
901 3037
902 97
902 2572
903 1769
903 2725
904 3172
904 1330
905 2113
905 1484
906 824
906 718
907 899
907 1706
908 591
908 1497
909 2803
909 2392
910 1830
910 449
911 3060
911 2278
912 616
912 373
913 2078
913 1144
914 3090
914 1794
915 1926
915 2301
916 60
916 793
917 1036
917 2853
918 3072
918 2175
919 1425
919 107
920 339
920 2163
921 3026
921 790
922 2776
922 155
923 1164
923 2450
924 417
924 670
925 916
925 995
926 160
926 934
927 1068
927 17
928 2745
928 822
929 851
929 169
930 451
930 2217
931 1025
931 2199
932 2318
932 779
933 1977
933 1905
934 160
934 926
935 40
935 2590
936 2128
936 2174
937 1580
937 2782
938 3276
938 482
939 803
939 45
940 675
940 1379
941 1219
941 807
942 2343
942 2133
943 3044
943 2010
944 375
944 971
945 1854
945 1530
946 1584
946 2379
947 1578
947 1716
948 992
948 2542
949 227
949 2619
950 3095
950 1577
951 817
951 1638
952 3217
952 2943
953 701
953 2641
954 1286
954 1543
955 600
955 3145
956 1461
956 393
957 902
957 1991
958 2031
958 1858
959 3208
959 3075
960 1354
960 2501
961 2392
961 636
962 1511
962 314
963 2199
963 1342
964 2208
964 521
965 307
965 1617
966 3308
966 2224
967 157
967 296
968 1943
968 2829
969 1020
969 872
970 1949
970 3208
971 944
971 358
972 630
972 1300
973 530
973 2469
974 649
974 476
975 260
975 1295
976 2372
976 764
977 1855
977 2699
978 2991
978 16
979 604
979 2423
980 2098
980 1645
981 487
981 2675
982 1697
982 768
983 1174
983 1662
984 1556
984 3085
985 439
985 3300
986 2032
986 1641
987 3313
987 1974
988 681
988 1556
989 77
989 383
990 1223
990 1207
991 791
991 70
992 630
992 365
993 2097
993 2967
994 2735
994 2676
995 793
995 925
996 2784
996 3116
997 1482
997 2966
998 734
998 3314
999 1882
999 1754
1000 3026
1000 790
1001 600
1001 2105
1002 1455
1002 1200
1003 957
1003 1991
1004 3216
1004 3288
1005 2769
1005 1816
1006 3149
1006 2999
1007 9
1007 1389
1008 1674
1008 1867
1009 2784
1009 2681
1010 2650
1010 1703
1011 55
1011 2330
1012 644
1012 3300
1013 2418
1013 2416
1014 2452
1014 1323
1015 85
1015 2783
1016 1251
1016 1869
1017 2438
1017 593
1018 3241
1018 1032
1019 1587
1019 1429
1020 2295
1020 542
1021 1188
1021 2108
1022 3057
1022 2317
1023 1167
1023 282
1024 1010
1024 193
1025 2319
1025 243
1026 2251
1026 1513
1027 462
1027 3318
1028 1848
1028 2510
1029 2969
1029 1564
1030 2687
1030 1971
1031 2559
1031 2329
1032 3241
1032 2513
1033 317
1033 411
1034 237
1034 2475
1035 2966
1035 2703
1036 917
1036 2853
1037 766
1037 1186
1038 1250
1038 3150
1039 584
1039 2531
1040 2242
1040 2877
1041 2229
1041 556
1042 1800
1042 1100
1043 461
1043 679
1044 3191
1044 2323
1045 3252
1045 283
1046 265
1046 2452
1047 46
1047 3237
1048 1073
1048 1610
1049 1620
1049 1970
1050 2209
1050 2961
1051 2966
1051 1206
1052 285
1052 485
1053 2181
1053 63
1054 2594
1054 2045
1055 3152
1055 259
1056 1886
1056 2593
1057 2129
1057 299
1058 3002
1058 336
1059 648
1059 41
1060 2098
1060 1645
1061 2796
1061 1217
1062 2103
1062 1882
1063 2543
1063 1675
1064 2527
1064 347
1065 2314
1065 750
1066 225
1066 3203
1067 1305
1067 3021
1068 2150
1068 2132
1069 1695
1069 2504
1070 2386
1070 231
1071 138
1071 2822
1072 900
1072 1113
1073 833
1073 1048
1074 2773
1074 1277
1075 217
1075 1319
1076 2453
1076 3272
1077 2688
1077 1919
1078 2510
1078 2284
1079 278
1079 1555
1080 1446
1080 1348
1081 2493
1081 425
1082 1266
1082 1505
1083 2948
1083 331
1084 2133
1084 2343
1085 3139
1085 3244
1086 166
1086 426
1087 2440
1087 1978
1088 2200
1088 335
1089 2535
1089 1400
1090 1715
1090 448
1091 1346
1091 864
1092 1174
1092 3324
1093 1890
1093 2424
1094 2900
1094 2903
1095 64
1095 3
1096 2361
1096 1580
1097 10
1097 423
1098 1692
1098 2074
1099 1179
1099 1707
1100 1839
1100 1526
1101 371
1101 1478
1102 419
1102 476
1103 2670
1103 2448
1104 2800
1104 1606
1105 13
1105 1901
1106 398
1106 2757
1107 1735
1107 1586
1108 891
1108 2471
1109 574
1109 3227
1110 1364
1110 2550
1111 2939
1111 3007
1112 2784
1112 1617
1113 1072
1113 615
1114 3263
1114 52
1115 1031
1115 1362
1116 2448
1116 2910
1117 373
1117 1708
1118 807
1118 3259
1119 2540
1119 1577
1120 217
1120 1659
1121 257
1121 355
1122 2991
1122 137
1123 942
1123 1855
1124 824
1124 1837
1125 2884
1125 1902
1126 1644
1126 2821
1127 1911
1127 3085
1128 1761
1128 414
1129 1018
1129 514
1130 2901
1130 1399
1131 1625
1131 1853
1132 2374
1132 3288
1133 1089
1133 2107
1134 1629
1134 2400
1135 2464
1135 782
1136 1885
1136 464
1137 169
1137 222
1138 2680
1138 378
1139 781
1139 900
1140 328
1140 2516
1141 2008
1141 1437
1142 2088
1142 2614
1143 684
1143 607
1144 2980
1144 2381
1145 1060
1145 747
1146 1197
1146 1474
1147 1935
1147 640
1148 185
1148 2983
1149 767
1149 1404
1150 155
1150 365
1151 226
1151 1847
1152 192
1152 2976
1153 1167
1153 767
1154 140
1154 2164
1155 1379
1155 877
1156 1738
1156 672
1157 2226
1157 2234
1158 2583
1158 2813
1159 2755
1159 2086
1160 2694
1160 1432
1161 1854
1161 461
1162 1094
1162 3009
1163 2349
1163 2348
1164 923
1164 2344
1165 2462
1165 3224
1166 1934
1166 1252
1167 13
1167 1894
1168 2449
1168 981
1169 2688
1169 1209
1170 1447
1170 1488
1171 3240
1171 2350
1172 884
1172 2512
1173 2796
1173 2795
1174 3324
1174 2659
1175 1311
1175 365
1176 2362
1176 2200
1177 1757
1177 712
1178 1590
1178 157
1179 2469
1179 1707
1180 2580
1180 876
1181 768
1181 1799
1182 1188
1182 1793
1183 876
1183 1217
1184 3286
1184 2790
1185 3123
1185 94
1186 728
1186 1218
1187 806
1187 2961
1188 2108
1188 1021
1189 1767
1189 2060
1190 1895
1190 1422
1191 1126
1191 1532
1192 94
1192 2793
1193 1981
1193 1372
1194 1118
1194 3280
1195 1582
1195 311
1196 1488
1196 1423
1197 1146
1197 2708
1198 2784
1198 1747
1199 3113
1199 495
1200 1455
1200 1002
1201 2589
1201 902
1202 2356
1202 1591
1203 664
1203 2438
1204 308
1204 752
1205 2024
1205 3094
1206 2966
1206 1051
1207 854
1207 990
1208 2596
1208 243
1209 1272
1209 1169
1210 2612
1210 484
1211 3111
1211 1976
1212 1484
1212 2954
1213 2438
1213 593
1214 2859
1214 2230
1215 287
1215 3111
1216 1936
1216 782
1217 2848
1217 1183
1218 3068
1218 1186
1219 941
1219 807
1220 1721
1220 2473
1221 379
1221 2054
1222 2889
1222 353
1223 3024
1223 990
1224 1769
1224 942
1225 3125
1225 299
1226 353
1226 296
1227 338
1227 2642
1228 2247
1228 3313
1229 2663
1229 3098
1230 1918
1230 2230
1231 2349
1231 2173
1232 2927
1232 2211
1233 579
1233 1410
1234 2260
1234 16
1235 630
1235 1250
1236 600
1236 2159
1237 3
1237 64
1238 549
1238 2632
1239 734
1239 3018
1240 230
1240 1663
1241 689
1241 1694
1242 1895
1242 727
1243 278
1243 166
1244 718
1244 249
1245 599
1245 2498
1246 2776
1246 106
1247 1851
1247 854
1248 14
1248 146
1249 112
1249 2280
1250 33
1250 732
1251 2791
1251 1843
1252 1571
1252 3118
1253 105
1253 2364
1254 2684
1254 2509
1255 2046
1255 2537
1256 485
1256 2278
1257 3198
1257 2221
1258 1689
1258 1839
1259 2890
1259 2865
1260 3312
1260 2794
1261 1755
1261 2480
1262 1356
1262 612
1263 2145
1263 2969
1264 2354
1264 2372
1265 1002
1265 2249
1266 1082
1266 829
1267 1397
1267 2389
1268 1362
1268 1570
1269 1001
1269 2749
1270 1920
1270 478
1271 1085
1271 2601
1272 3153
1272 1426
1273 2230
1273 3054
1274 1739
1274 833
1275 677
1275 2443
1276 227
1276 1291
1277 2
1277 1803
1278 1507
1278 2686
1279 1542
1279 2628
1280 1932
1280 516
1281 1503
1281 3014
1282 1396
1282 2382
1283 1297
1283 1370
1284 345
1284 3313
1285 3172
1285 3170
1286 954
1286 2366
1287 2939
1287 2058
1288 1898
1288 324
1289 757
1289 2099
1290 2064
1290 2859
1291 3094
1291 1276
1292 3256
1292 464
1293 3261
1293 673
1294 2224
1294 2536
1295 1061
1295 975
1296 2828
1296 446
1297 1283
1297 2103
1298 2860
1298 3222
1299 857
1299 2406
1300 75
1300 34
1301 2663
1301 2182
1302 1271
1302 2601
1303 440
1303 3047
1304 117
1304 2800
1305 1067
1305 3021
1306 3180
1306 3181
1307 1842
1307 1865
1308 345
1308 1568
1309 1455
1309 900
1310 3125
1310 1851
1311 777
1311 326
1312 1284
1312 2247
1313 1639
1313 1462
1314 3095
1314 3094
1315 2617
1315 329
1316 978
1316 612
1317 2390
1317 2247
1318 1949
1318 624
1319 422
1319 217
1320 1673
1320 2629
1321 1623
1321 1344
1322 3133
1322 96
1323 1207
1323 1014
1324 1449
1324 2606
1325 250
1325 874
1326 2661
1326 2656
1327 1547
1327 2164
1328 2403
1328 3162
1329 2620
1329 1829
1330 3172
1330 904
1331 390
1331 600
1332 1014
1332 736
1333 394
1333 1986
1334 3084
1334 156
1335 2662
1335 624
1336 579
1336 2120
1337 1635
1337 41
1338 1451
1338 19
1339 537
1339 1885
1340 2323
1340 2855
1341 1722
1341 2986
1342 2521
1342 963
1343 2829
1343 1943
1344 292
1344 2947
1345 2898
1345 1892
1346 864
1346 1091
1347 1019
1347 699
1348 2595
1348 1080
1349 1995
1349 1920
1350 1399
1350 2675
1351 2839
1351 2247
1352 1972
1352 3245
1353 2903
1353 1094
1354 960
1354 2501
1355 1133
1355 99
1356 64
1356 2366
1357 1196
1357 794
1358 3180
1358 2587
1359 466
1359 1802
1360 2604
1360 863
1361 288
1361 261
1362 2891
1362 1115
1363 1726
1363 556
1364 1920
1364 1415
1365 1504
1365 3008
1366 1180
1366 3002
1367 292
1367 2947
1368 105
1368 1882
1369 371
1369 1746
1370 2889
1370 1283
1371 1147
1371 1919
1372 2794
1372 2796
1373 357
1373 1948
1374 934
1374 1752
1375 1171
1375 2778
1376 2954
1376 3255
1377 586
1377 457
1378 2907
1378 2038
1379 1155
1379 877
1380 2005
1380 740
1381 2320
1381 2322
1382 1550
1382 3025
1383 515
1383 3299
1384 584
1384 1382
1385 2452
1385 265
1386 1635
1386 2829
1387 780
1387 1693
1388 820
1388 2300
1389 1934
1389 1007
1390 2952
1390 191
1391 2756
1391 801
1392 1694
1392 2857
1393 2672
1393 1629
1394 1685
1394 2858
1395 2064
1395 1044
1396 1282
1396 2382
1397 973
1397 785
1398 1399
1398 847
1399 1398
1399 847
1400 2535
1400 1089
1401 1083
1401 1709
1402 1775
1402 1737
1403 1370
1403 1014
1404 1370
1404 1149
1405 741
1405 2256
1406 1142
1406 353
1407 343
1407 2192
1408 3213
1408 1027
1409 1038
1409 3278
1410 1233
1410 579
1411 2366
1411 2790
1412 105
1412 39
1413 2395
1413 2841
1414 682
1414 603
1415 2220
1415 1364
1416 2009
1416 740
1417 2253
1417 416
1418 83
1418 285
1419 3141
1419 1454
1420 2099
1420 757
1421 2877
1421 2242
1422 1222
1422 1190
1423 2734
1423 1455
1424 3280
1424 2634
1425 919
1425 107
1426 1272
1426 573
1427 1915
1427 2142
1428 1810
1428 959
1429 1875
1429 1587
1430 2734
1430 407
1431 64
1431 3
1432 2188
1432 1160
1433 291
1433 3065
1434 1080
1434 3087
1435 308
1435 2730
1436 2994
1436 1619
1437 2278
1437 647
1438 2022
1438 1459
1439 428
1439 2264
1440 2124
1440 235
1441 726
1441 2747
1442 943
1442 63
1443 2797
1443 1734
1444 211
1444 1
1445 3161
1445 2401
1446 520
1446 751
1447 2266
1447 1170
1448 1938
1448 2353
1449 1562
1449 2606
1450 2054
1450 2286
1451 2015
1451 3282
1452 2868
1452 2607
1453 2327
1453 456
1454 1676
1454 1419
1455 142
1455 1002
1456 1481
1456 2348
1457 381
1457 2956
1458 2526
1458 3163
1459 1192
1459 841
1460 2630
1460 1717
1461 1775
1461 2587
1462 1313
1462 2039
1463 717
1463 2703
1464 84
1464 1531
1465 2832
1465 2833
1466 1835
1466 2674
1467 559
1467 591
1468 1823
1468 2351
1469 128
1469 2688
1470 2500
1470 633
1471 402
1471 603
1472 3294
1472 1683
1473 1965
1473 768
1474 1490
1474 1146
1475 1970
1475 3264
1476 2992
1476 199
1477 3048
1477 405
1478 2760
1478 1101
1479 1377
1479 3260
1480 453
1480 2782
1481 1456
1481 273
1482 1035
1482 2433
1483 3027
1483 799
1484 2113
1484 2063
1485 2400
1485 2683
1486 759
1486 1510
1487 2138
1487 1491
1488 34
1488 1170
1489 2055
1489 1805
1490 23
1490 1743
1491 1487
1491 2138
1492 1128
1492 1609
1493 2710
1493 1569
1494 768
1494 719
1495 1533
1495 3216
1496 661
1496 3326
1497 1956
1497 2336
1498 3299
1498 515
1499 3135
1499 3136
1500 2105
1500 1001
1501 1642
1501 681
1502 2014
1502 2201
1503 1008
1503 1674
1504 1365
1504 1933
1505 2411
1505 1082
1506 2169
1506 3272
1507 299
1507 2686
1508 1301
1508 765
1509 3056
1509 3055
1510 1582
1510 1486
1511 2967
1511 2775
1512 3223
1512 2085
1513 1459
1513 841
1514 2624
1514 3141
1515 2050
1515 3314
1516 2815
1516 371
1517 1470
1517 2360
1518 273
1518 2634
1519 2380
1519 3226
1520 1695
1520 2180
1521 1437
1521 328
1522 822
1522 397
1523 3169
1523 3172
1524 3032
1524 1665
1525 812
1525 1854
1526 2142
1526 1100
1527 2414
1527 591
1528 225
1528 3036
1529 1722
1529 2986
1530 3101
1530 667
1531 3216
1531 1364
1532 413
1532 450
1533 2625
1533 1883
1534 2706
1534 1206
1535 1412
1535 528
1536 265
1536 2220
1537 524
1537 2788
1538 1035
1538 2433
1539 3291
1539 2653
1540 2345
1540 882
1541 193
1541 3100
1542 1903
1542 683
1543 2366
1543 954
1544 781
1544 446
1545 3026
1545 790
1546 1040
1546 772
1547 2432
1547 3059
1548 3268
1548 2506
1549 1560
1549 1705
1550 1813
1550 1382
1551 95
1551 1704
1552 610
1552 1153
1553 1095
1553 3219
1554 2010
1554 943
1555 760
1555 3101
1556 5
1556 988
1557 2322
1557 2320
1558 151
1558 1875
1559 681
1559 2039
1560 1705
1560 2114
1561 1864
1561 805
1562 2816
1562 1449
1563 2586
1563 3062
1564 400
1564 1029
1565 455
1565 1836
1566 548
1566 2863
1567 2925
1567 2166
1568 2767
1568 1769
1569 251
1569 2710
1570 509
1570 1362
1571 3118
1571 1252
1572 3050
1572 3049
1573 1854
1573 802
1574 641
1574 1446
1575 1124
1575 2478
1576 39
1576 1987
1577 309
1577 1119
1578 452
1578 1027
1579 1662
1579 268
1580 2362
1580 2361
1581 1383
1581 1650
1582 1195
1582 2032
1583 3308
1583 2570
1584 520
1584 2379
1585 483
1585 2624
1586 2513
1586 1107
1587 1875
1587 1429
1588 2548
1588 531
1589 632
1589 2974
1590 1178
1590 1761
1591 2633
1591 1202
1592 456
1592 755
1593 1757
1593 365
1594 2529
1594 202
1595 3077
1595 3039
1596 1045
1596 2440
1597 2471
1597 262
1598 287
1598 2285
1599 2092
1599 2759
1600 561
1600 2581
1601 353
1601 2700
1602 1685
1602 3159
1603 422
1603 3269
1604 1220
1604 2473
1605 1708
1605 622
1606 2441
1606 1104
1607 2542
1607 3263
1608 1085
1608 1773
1609 1492
1609 2429
1610 2669
1610 1048
1611 1921
1611 2071
1612 2473
1612 2307
1613 93
1613 1287
1614 2629
1614 1975
1615 2054
1615 2602
1616 3177
1616 3261
1617 2064
1617 1112
1618 2889
1618 353
1619 2994
1619 748
1620 494
1620 2977
1621 1155
1621 2017
1622 3034
1622 340
1623 1321
1623 1627
1624 501
1624 3022
1625 1853
1625 1131
1626 2856
1626 1897
1627 3235
1627 1938
1628 380
1628 2155
1629 2672
1629 1959
1630 2244
1630 2736
1631 2650
1631 1562
1632 119
1632 655
1633 125
1633 131
1634 2576
1634 2494
1635 839
1635 897
1636 2716
1636 1876
1637 705
1637 579
1638 817
1638 951
1639 2198
1639 1748
1640 1923
1640 1290
1641 1523
1641 986
1642 3261
1642 673
1643 2018
1643 3325
1644 1480
1644 2839
1645 980
1645 2098
1646 2311
1646 3259
1647 611
1647 2540
1648 2064
1648 2476
1649 2399
1649 433
1650 1581
1650 120
1651 734
1651 3304
1652 3271
1652 2424
1653 2959
1653 2946
1654 2214
1654 452
1655 2733
1655 1647
1656 430
1656 2292
1657 1756
1657 2080
1658 1644
1658 2064
1659 2434
1659 1120
1660 859
1660 2179
1661 1796
1661 2769
1662 268
1662 983
1663 460
1663 1264
1664 3092
1664 3297
1665 872
1665 1670
1666 2057
1666 1399
1667 613
1667 3286
1668 1877
1668 350
1669 1762
1669 3091
1670 435
1670 1665
1671 2476
1671 1972
1672 3145
1672 1254
1673 2307
1673 3112
1674 1503
1674 1867
1675 958
1675 1063
1676 713
1676 471
1677 1803
1677 1820
1678 859
1678 28
1679 1949
1679 1788
1680 2006
1680 196
1681 2892
1681 2605
1682 1144
1682 695
1683 2447
1683 3294
1684 869
1684 1436
1685 1394
1685 2498
1686 590
1686 130
1687 1783
1687 2043
1688 747
1688 1723
1689 2539
1689 1258
1690 1859
1690 2221
1691 2730
1691 376
1692 625
1692 891
1693 782
1693 1387
1694 1241
1694 689
1695 3091
1695 2037
1696 2474
1696 3114
1697 982
1697 1956
1698 840
1698 1780
1699 459
1699 1426
1700 2800
1700 385
1701 1027
1701 595
1702 1774
1702 1711
1703 1010
1703 31
1704 110
1704 2269
1705 840
1705 1560
1706 899
1706 907
1707 760
1707 1179
1708 912
1708 1117
1709 1083
1709 331
1710 2815
1710 1992
1711 1774
1711 1702
1712 2263
1712 3051
1713 3059
1713 140
1714 341
1714 1869
1715 1822
1715 3053
1716 2069
1716 947
1717 1460
1717 2630
1718 2703
1718 1482
1719 699
1719 2751
1720 2795
1720 2796
1721 2472
1721 1220
1722 2987
1722 2986
1723 803
1723 747
1724 1711
1724 31
1725 147
1725 428
1726 1863
1726 374
1727 1085
1727 490
1728 3196
1728 846
1729 2634
1729 2885
1730 1642
1730 2570
1731 2115
1731 2649
1732 2221
1732 2445
1733 859
1733 3303
1734 2064
1734 1443
1735 1107
1735 1586
1736 2645
1736 2964
1737 2632
1737 1402
1738 1156
1738 672
1739 1803
1739 833
1740 2705
1740 585
1741 654
1741 64
1742 1059
1742 2561
1743 1146
1743 1490
1744 3205
1744 1803
1745 942
1745 37
1746 371
1746 1369
1747 1665
1747 1198
1748 102
1748 1639
1749 1877
1749 2268
1750 2720
1750 3321
1751 2319
1751 630
1752 464
1752 2716
1753 300
1753 84
1754 2351
1754 999
1755 311
1755 675
1756 2656
1756 1522
1757 1751
1757 2319
1758 2433
1758 1482
1759 1131
1759 43
1760 1696
1760 3114
1761 414
1761 1128
1762 2376
1762 1669
1763 2569
1763 1691
1764 2162
1764 2267
1765 1388
1765 2309
1766 1125
1766 3183
1767 2168
1767 2060
1768 371
1768 1964
1769 1568
1769 2767
1770 66
1770 148
1771 212
1771 3257
1772 2067
1772 2222
1773 1608
1773 343
1774 1702
1774 1711
1775 2587
1775 1461
1776 1013
1776 804
1777 2070
1777 1275
1778 1979
1778 3257
1779 73
1779 497
1780 856
1780 840
1781 2731
1781 1907
1782 190
1782 3213
1783 2939
1783 2367
1784 2773
1784 2231
1785 2646
1785 2921
1786 2986
1786 570
1787 2209
1787 2588
1788 1679
1788 2251
1789 2819
1789 2963
1790 554
1790 621
1791 865
1791 411
1792 811
1792 3265
1793 1456
1793 1182
1794 2001
1794 914
1795 1115
1795 1821
1796 2769
1796 2768
1797 1364
1797 304
1798 3163
1798 2526
1799 3136
1799 3135
1800 193
1800 2847
1801 2791
1801 939
1802 189
1802 1359
1803 1739
1803 1277
1804 2732
1804 2460
1805 1880
1805 1489
1806 2805
1806 2804
1807 426
1807 2129
1808 244
1808 3011
1809 500
1809 266
1810 3189
1810 3037
1811 1662
1811 23
1812 105
1812 311
1813 2028
1813 1550
1814 1168
1814 2449
1815 2157
1815 2885
1816 2768
1816 1796
1817 1826
1817 62
1818 2778
1818 791
1819 1549
1819 524
1820 1677
1820 1828
1821 975
1821 1795
1822 1715
1822 254
1823 1468
1823 2479
1824 2597
1824 1178
1825 346
1825 184
1826 928
1826 1817
1827 2268
1827 2984
1828 2082
1828 1820
1829 2620
1829 1329
1830 197
1830 522
1831 661
1831 1439
1832 428
1832 3218
1833 487
1833 1188
1834 2002
1834 2116
1835 1466
1835 2122
1836 2578
1836 865
1837 2400
1837 1124
1838 2709
1838 2187
1839 568
1839 3023
1840 2348
1840 2349
1841 1372
1841 2796
1842 1865
1842 584
1843 2148
1843 1251
1844 2218
1844 2259
1845 44
1845 2012
1846 2954
1846 2393
1847 226
1847 1151
1848 2284
1848 2510
1849 1670
1849 3089
1850 1179
1850 2539
1851 1310
1851 3125
1852 2018
1852 3325
1853 1625
1853 1131
1854 2606
1854 545
1855 602
1855 977
1856 2739
1856 1410
1857 2918
1857 86
1858 2031
1858 958
1859 1690
1859 2221
1860 2436
1860 2696
1861 2499
1861 2156
1862 464
1862 2582
1863 2368
1863 1726
1864 1561
1864 2509
1865 1842
1865 1307
1866 2081
1866 769
1867 1674
1867 1008
1868 1186
1868 3068
1869 341
1869 1714
1870 8
1870 87
1871 1456
1871 2103
1872 2655
1872 886
1873 1775
1873 301
1874 1585
1874 2624
1875 1587
1875 1429
1876 87
1876 1636
1877 1668
1877 350
1878 310
1878 2937
1879 839
1879 322
1880 1057
1880 1805
1881 918
1881 898
1882 66
1882 1062
1883 3308
1883 1533
1884 1066
1884 1428
1885 3162
1885 1136
1886 1056
1886 2593
1887 2358
1887 2357
1888 639
1888 1021
1889 2618
1889 2517
1890 2424
1890 1093
1891 419
1891 974
1892 2670
1892 1345
1893 853
1893 2753
1894 13
1894 1901
1895 3128
1895 2142
1896 111
1896 2710
1897 2856
1897 1626
1898 1288
1898 1640
1899 516
1899 2798
1900 2684
1900 3111
1901 1105
1901 13
1902 1152
1902 1125
1903 683
1903 1542
1904 1162
1904 2666
1905 1977
1905 933
1906 1568
1906 3156
1907 2713
1907 2731
1908 3302
1908 3301
1909 250
1909 2482
1910 1734
1910 1490
1911 554
1911 729
1912 2218
1912 135
1913 3152
1913 810
1914 1639
1914 676
1915 43
1915 776
1916 600
1916 2373
1917 264
1917 2351
1918 2829
1918 2226
1919 3017
1919 1077
1920 1349
1920 1364
1921 2463
1921 2249
1922 3074
1922 2984
1923 2264
1923 773
1924 2167
1924 3265
1925 1341
1925 1722
1926 2601
1926 2301
1927 189
1927 2833
1928 2629
1928 255
1929 741
1929 2359
1930 3077
1930 780
1931 2195
1931 898
1932 1280
1932 3046
1933 1365
1933 1504
1934 118
1934 2265
1935 1147
1935 640
1936 2903
1936 3061
1937 407
1937 2129
1938 583
1938 1627
1939 563
1939 3046
1940 237
1940 2964
1941 2249
1941 2998
1942 3094
1942 3098
1943 1343
1943 2829
1944 1011
1944 2330
1945 540
1945 555
1946 1410
1946 2901
1947 1702
1947 753
1948 357
1948 1373
1949 3208
1949 3075
1950 3020
1950 2971
1951 730
1951 2988
1952 1110
1952 676
1953 1165
1953 2041
1954 1310
1954 1567
1955 918
1955 3072
1956 2964
1956 768
1957 3008
1957 2171
1958 1372
1958 2796
1959 2672
1959 1629
1960 671
1960 67
1961 3014
1961 2142
1962 162
1962 3031
1963 2493
1963 842
1964 821
1964 1768
1965 2625
1965 1473
1966 2862
1966 1947
1967 494
1967 304
1968 380
1968 2979
1969 2012
1969 3270
1970 1792
1970 3265
1971 2687
1971 1030
1972 1671
1972 1322
1973 1499
1973 894
1974 987
1974 3313
1975 2410
1975 1614
1976 2364
1976 1211
1977 1905
1977 933
1978 145
1978 1087
1979 118
1979 132
1980 685
1980 2364
1981 1372
1981 1193
1982 470
1982 2729
1983 2541
1983 2549
1984 2989
1984 2990
1985 1021
1985 2221
1986 394
1986 1333
1987 2605
1987 620
1988 2263
1988 2408
1989 2057
1989 3027
1990 2424
1990 1093
1991 209
1991 399
1992 1085
1992 3139
1993 1905
1993 368
1994 1126
1994 279
1995 1349
1995 2528
1996 2362
1996 2183
1997 2965
1997 1665
1998 2446
1998 3323
1999 2212
1999 1836
2000 2915
2000 537
2001 1250
2001 2941
2002 1834
2002 1644
2003 127
2003 161
2004 1413
2004 3143
2005 3216
2005 2464
2006 2043
2006 2945
2007 3270
2007 1614
2008 2498
2008 893
2009 58
2009 284
2010 3044
2010 943
2011 1377
2011 439
2012 44
2012 1845
2013 880
2013 117
2014 1502
2014 2201
2015 278
2015 760
2016 768
2016 2569
2017 1621
2017 386
2018 1643
2018 3325
2019 1621
2019 870
2020 483
2020 2623
2021 453
2021 686
2022 1621
2022 1438
2023 2785
2023 27
2024 2862
2024 42
2025 494
2025 304
2026 312
2026 3279
2027 3048
2027 24
2028 3216
2028 429
2029 1784
2029 2231
2030 3217
2030 1565
2031 958
2031 1858
2032 2803
2032 1582
2033 1734
2033 2400
2034 2059
2034 11
2035 2269
2035 110
2036 2410
2036 2270
2037 3091
2037 1695
2038 2907
2038 1378
2039 3246
2039 1462
2040 1782
2040 508
2041 1165
2041 1953
2042 3248
2042 685
2043 78
2043 1687
2044 296
2044 273
2045 1054
2045 99
2046 2118
2046 1255
2047 2991
2047 2664
2048 3311
2048 318
2049 3313
2049 1518
2050 3314
2050 1515
2051 23
2051 2465
2052 1671
2052 1915
2053 897
2053 2064
2054 3252
2054 1221
2055 411
2055 317
2056 3243
2056 1144
2057 847
2057 1399
2058 3007
2058 1287
2059 2278
2059 2391
2060 2168
2060 1767
2061 620
2061 2270
2062 2256
2062 250
2063 1484
2063 2113
2064 1617
2064 2783
2065 1815
2065 779
2066 563
2066 285
2067 3107
2067 3106
2068 186
2068 2894
2069 815
2069 271
2070 377
2070 1777
2071 866
2071 1611
2072 1543
2072 1286
2073 2356
2073 3126
2074 1848
2074 114
2075 1023
2075 3097
2076 2508
2076 3247
2077 857
2077 2473
2078 913
2078 1854
2079 1887
2079 2446
2080 1644
2080 1657
2081 70
2081 1866
2082 2957
2082 1828
2083 1481
2083 1647
2084 2133
2084 88
2085 2167
2085 1512
2086 1159
2086 710
2087 558
2087 1146
2088 2126
2088 1142
2089 2678
2089 298
2090 2561
2090 2949
2091 1333
2091 1635
2092 2723
2092 179
2093 1222
2093 2107
2094 2541
2094 2975
2095 1744
2095 1356
2096 2776
2096 658
2097 2967
2097 993
2098 980
2098 1645
2099 1420
2099 1289
2100 647
2100 563
2101 2633
2101 2229
2102 1759
2102 2224
2103 2889
2103 1062
2104 2169
2104 1187
2105 390
2105 600
2106 1948
2106 2015
2107 1133
2107 1222
2108 1188
2108 1021
2109 108
2109 2188
2110 1019
2110 1398
2111 2990
2111 389
2112 1307
2112 3317
2113 1484
2113 2063
2114 2477
2114 1560
2115 2490
2115 2064
2116 1918
2116 2321
2117 2734
2117 2892
2118 2046
2118 1367
2119 2235
2119 608
2120 3217
2120 2973
2121 1317
2121 2390
2122 2663
2122 1835
2123 899
2123 2291
2124 2483
2124 1440
2125 321
2125 172
2126 2088
2126 247
2127 477
2127 2841
2128 2782
2128 2667
2129 2905
2129 1807
2130 89
2130 35
2131 1456
2131 2889
2132 2899
2132 1068
2133 1084
2133 942
2134 2918
2134 819
2135 830
2135 640
2136 2505
2136 836
2137 1766
2137 2992
2138 1487
2138 1491
2139 224
2139 2239
2140 949
2140 2548
2141 1344
2141 2854
2142 2434
2142 2208
2143 3035
2143 51
2144 764
2144 2250
2145 1263
2145 2969
2146 359
2146 1406
2147 827
2147 122
2148 240
2148 1843
2149 1322
2149 552
2150 17
2150 879
2151 2821
2151 493
2152 1201
2152 2962
2153 1410
2153 3294
2154 563
2154 3215
2155 380
2155 1628
2156 2499
2156 2957
2157 2661
2157 110
2158 100
2158 383
2159 1179
2159 2629
2160 2909
2160 2567
2161 2424
2161 1093
2162 396
2162 1764
2163 2901
2163 920
2164 2432
2164 1327
2165 1138
2165 543
2166 2925
2166 1567
2167 2973
2167 2646
2168 1767
2168 2060
2169 1506
2169 2104
2170 72
2170 2702
2171 424
2171 1957
2172 695
2172 537
2173 2349
2173 1231
2174 1802
2174 936
2175 238
2175 918
2176 296
2176 2630
2177 3296
2177 2497
2178 3191
2178 3240
2179 2157
2179 1660
2180 508
2180 926
2181 3289
2181 1053
2182 1301
2182 886
2183 1996
2183 1923
2184 304
2184 2977
2185 2833
2185 1992
2186 2790
2186 578
2187 2224
2187 1838
2188 2109
2188 2694
2189 3046
2189 582
2190 2185
2190 700
2191 2497
2191 2153
2192 3270
2192 343
2193 3134
2193 2742
2194 801
2194 2756
2195 3235
2195 2566
2196 451
2196 796
2197 1854
2197 802
2198 1748
2198 1639
2199 2064
2199 931
2200 2362
2200 1176
2201 445
2201 1502
2202 2550
2202 473
2203 1102
2203 476
2204 3000
2204 2144
2205 2427
2205 2592
2206 1859
2206 590
2207 1775
2207 1461
2208 2142
2208 353
2209 1787
2209 2588
2210 1116
2210 2448
2211 1232
2211 2926
2212 417
2212 1999
2213 2549
2213 3081
2214 452
2214 1654
2215 2918
2215 87
2216 1211
2216 1707
2217 451
2217 930
2218 452
2218 1912
2219 2795
2219 723
2220 2452
2220 1536
2221 3198
2221 1257
2222 697
2222 1772
2223 1647
2223 1139
2224 2187
2224 2675
2225 2367
2225 1983
2226 1157
2226 2234
2227 287
2227 321
2228 2698
2228 881
2229 2625
2229 2101
2230 1644
2230 1214
2231 2773
2231 1784
2232 574
2232 3052
2233 2357
2233 1971
2234 2226
2234 1157
2235 396
2235 744
2236 132
2236 817
2237 1319
2237 1603
2238 3289
2238 344
2239 2784
2239 2711
2240 853
2240 3232
2241 2627
2241 2941
2242 1421
2242 1040
2243 496
2243 1232
2244 2736
2244 2621
2245 2945
2245 2335
2246 31
2246 882
2247 1317
2247 1351
2248 2667
2248 1275
2249 1265
2249 1921
2250 682
2250 2144
2251 178
2251 1788
2252 853
2252 3232
2253 2554
2253 1372
2254 3093
2254 219
2255 222
2255 1694
2256 1503
2256 1405
2257 2663
2257 307
2258 1449
2258 489
2259 1844
2259 1946
2260 1234
2260 665
2261 2463
2261 371
2262 304
2262 694
2263 1988
2263 496
2264 2404
2264 773
2265 2156
2265 1934
2266 1447
2266 1785
2267 512
2267 301
2268 1827
2268 2904
2269 1704
2269 110
2270 2326
2270 2251
2271 2427
2271 3268
2272 1661
2272 2769
2273 1537
2273 2469
2274 788
2274 499
2275 1162
2275 1094
2276 2291
2276 1325
2277 737
2277 263
2278 911
2278 1437
2279 273
2279 3135
2280 3261
2280 1249
2281 311
2281 941
2282 2785
2282 644
2283 1035
2283 2559
2284 2510
2284 2297
2285 287
2285 1598
2286 2965
2286 2184
2287 2848
2287 1521
2288 2549
2288 3152
2289 2038
2289 2907
2290 2087
2290 2244
2291 3000
2291 454
2292 430
2292 1656
2293 680
2293 2887
2294 2359
2294 1585
2295 1020
2295 542
2296 2835
2296 212
2297 2510
2297 2284
2298 1181
2298 3135
2299 242
2299 2519
2300 2307
2300 1388
2301 1926
2301 915
2302 1532
2302 544
2303 321
2303 1769
2304 1129
2304 1521
2305 1286
2305 1726
2306 2001
2306 766
2307 3112
2307 1673
2308 575
2308 2698
2309 791
2309 2333
2310 3083
2310 731
2311 1176
2311 1646
2312 3318
2312 2315
2313 586
2313 91
2314 2741
2314 401
2315 2031
2315 2312
2316 2657
2316 28
2317 436
2317 823
2318 3245
2318 893
2319 1751
2319 1757
2320 2322
2320 1557
2321 2320
2321 2322
2322 1381
2322 2320
2323 1340
2323 1044
2324 1124
2324 2224
2325 593
2325 91
2326 2270
2326 3213
2327 3026
2327 1515
2328 1366
2328 2329
2329 2328
2329 1031
2330 55
2330 1011
2331 2915
2331 25
2332 2269
2332 1704
2333 2309
2333 791
2334 791
2334 2309
2335 2945
2335 2245
2336 818
2336 1497
2337 2721
2337 2430
2338 2554
2338 362
2339 2734
2339 2950
2340 362
2340 3020
2341 157
2341 688
2342 3145
2342 955
2343 1084
2343 942
2344 803
2344 1164
2345 212
2345 1027
2346 2661
2346 159
2347 1500
2347 397
2348 2349
2348 1163
2349 2348
2349 1840
2350 3240
2350 357
2351 1754
2351 1468
2352 855
2352 431
2353 1463
2353 1448
2354 1264
2354 2372
2355 2537
2355 2248
2356 2633
2356 1591
2357 2431
2357 2358
2358 2431
2358 2357
2359 313
2359 2275
2360 1470
2360 1517
2361 2362
2361 1580
2362 2200
2362 1580
2363 2068
2363 3164
2364 1076
2364 2231
2365 3279
2365 2526
2366 1543
2366 1286
2367 2541
2367 2549
2368 1863
2368 797
2369 565
2369 3128
2370 3144
2370 1599
2371 2874
2371 1091
2372 1264
2372 2354
2373 748
2373 1619
2374 1203
2374 2267
2375 98
2375 761
2376 511
2376 3049
2377 1439
2377 2199
2378 3006
2378 54
2379 946
2379 1584
2380 1584
2380 641
2381 2980
2381 1144
2382 1282
2382 1396
2383 2239
2383 1761
2384 318
2384 583
2385 3213
2385 487
2386 756
2386 663
2387 2919
2387 3097
2388 1373
2388 2389
2389 1372
2389 2388
2390 2502
2390 2121
2391 1156
2391 514
2392 2803
2392 909
2393 1846
2393 196
2394 2884
2394 2395
2395 2981
2395 2394
2396 2664
2396 2047
2397 2599
2397 2166
2398 745
2398 585
2399 1649
2399 189
2400 1485
2400 1134
2401 483
2401 1445
2402 946
2402 535
2403 2333
2403 1328
2404 2264
2404 2405
2405 773
2405 2404
2406 443
2406 857
2407 1106
2407 1109
2407 3326
2408 320
2408 1988
2409 66
2409 913
2410 1975
2410 940
2411 68
2411 1266
2412 1972
2412 2792
2413 1987
2413 2439
2414 591
2414 1527
2415 1605
2415 373
2416 1013
2416 2418
2417 592
2417 2571
2418 1013
2418 2416
2419 986
2419 3182
2420 3028
2420 2558
2421 827
2421 122
2422 737
2422 3028
2423 979
2423 270
2424 1890
2424 1093
2425 111
2425 1849
2426 816
2426 2427
2427 3027
2427 2426
2428 2381
2428 2557
2429 1128
2429 1609
2430 2656
2430 762
2431 2357
2431 2358
2432 2164
2432 1547
2433 1758
2433 1482
2434 2889
2434 3128
2435 2829
2435 2097
2436 688
2436 1860
2437 2215
2437 2945
2438 1203
2438 593
2439 1987
2439 2413
2440 2977
2440 92
2441 342
2441 2497
2442 2687
2442 1971
2443 2650
2443 1275
2444 2650
2444 2649
2445 1293
2445 3261
2446 536
2446 38
2447 3318
2447 83
2448 1103
2448 1116
2449 1168
2449 324
2450 923
2450 649
2451 149
2451 2154
2452 2220
2452 265
2453 1076
2453 3272
2454 860
2454 890
2455 1561
2455 2364
2456 287
2456 456
2457 591
2457 2592
2458 823
2458 2394
2459 2633
2459 906
2460 2732
2460 1804
2461 906
2461 33
2462 1165
2462 3224
2463 371
2463 736
2464 3120
2464 2005
2465 633
2465 2051
2466 744
2466 2586
2467 196
2467 3240
2468 484
2468 2612
2469 1179
2469 278
2470 166
2470 1707
2471 891
2471 1108
2472 1721
2472 2670
2473 1721
2473 1220
2474 2444
2474 1696
2475 2348
2475 1034
2476 1945
2476 555
2477 2114
2477 840
2478 1011
2478 13
2479 390
2479 431
2480 1510
2480 1261
2481 2596
2481 324
2482 2218
2482 2673
2483 235
2483 3262
2484 1523
2484 3171
2485 2772
2485 214
2486 567
2486 3221
2487 2546
2487 839
2488 1965
2488 1399
2489 1106
2489 1109
2489 3326
2490 2681
2490 2115
2491 1341
2491 715
2492 1172
2492 2512
2493 1305
2493 1695
2494 1634
2494 2576
2495 1836
2495 1472
2496 676
2496 455
2497 860
2497 2177
2498 1685
2498 679
2499 3261
2499 370
2500 2231
2500 1470
2501 2812
2501 960
2502 456
2502 2390
2503 1391
2503 2504
2504 2503
2504 1069
2505 836
2505 2136
2506 1217
2506 109
2507 2320
2507 136
2508 157
2508 196
2509 1254
2509 1864
2510 2297
2510 2284
2511 386
2511 98
2512 2492
2512 1172
2513 3241
2513 1032
2514 1032
2514 1129
2515 2210
2515 2911
2516 1651
2516 734
2517 2618
2517 1889
2518 152
2518 216
2519 242
2519 2299
2520 3308
2520 1875
2521 193
2521 1342
2522 2650
2522 2523
2523 1068
2523 2522
2524 2726
2524 3007
2525 2248
2525 453
2526 1458
2526 2972
2527 1130
2527 1064
2528 595
2528 1995
2529 358
2529 50
2530 76
2530 1457
2531 584
2531 1039
2532 1461
2532 2587
2533 535
2533 415
2534 707
2534 783
2535 1089
2535 1400
2536 1358
2536 1294
2537 2694
2537 1255
2538 2611
2538 3167
2539 1689
2539 1850
2540 277
2540 1647
2541 2367
2541 2549
2542 992
2542 948
2543 1858
2543 602
2544 31
2544 882
2545 2467
2545 3240
2546 2638
2546 2487
2547 583
2547 305
2548 505
2548 2140
2549 2367
2549 2541
2550 2939
2550 3249
2551 2619
2551 227
2552 66
2552 2106
2553 1106
2553 1109
2553 3326
2554 713
2554 2604
2555 713
2555 2209
2556 2164
2556 2690
2557 1531
2557 2428
2558 3028
2558 2420
2559 2114
2559 427
2560 736
2560 1531
2561 1742
2561 2090
2562 649
2562 808
2563 1976
2563 192
2564 1400
2564 246
2565 1668
2565 350
2566 3028
2566 2195
2567 249
2567 2568
2568 249
2568 2567
2569 766
2569 2016
2570 1651
2570 2589
2571 592
2571 2417
2572 97
2572 902
2573 2241
2573 648
2574 2915
2574 1781
2575 1529
2575 3081
2576 1634
2576 2494
2577 917
2577 681
2578 417
2578 865
2579 1111
2579 2492
2580 561
2580 2581
2581 2580
2581 561
2582 19
2582 1862
2583 1158
2583 2813
2584 1883
2584 1456
2585 1961
2585 1422
2586 1672
2586 2466
2587 1775
2587 1461
2588 1787
2588 713
2589 2570
2589 1021
2590 2973
2590 935
2591 418
2591 821
2592 2426
2592 2205
2593 845
2593 1056
2594 1986
2594 1333
2595 1080
2595 2195
2596 311
2596 2826
2597 1025
2597 1883
2598 1480
2598 3281
2599 985
2599 3300
2600 344
2600 3289
2601 1271
2601 1302
2602 419
2602 476
2603 613
2603 3287
2604 713
2604 2554
2605 1987
2605 611
2606 1562
2606 1449
2607 1649
2607 1452
2608 808
2608 56
2609 1107
2609 3241
2610 2611
2610 516
2611 2538
2611 2610
2612 1210
2612 484
2613 1031
2613 2614
2614 1142
2614 2613
2615 2996
2615 913
2616 1693
2616 2712
2617 2517
2617 329
2618 2517
2618 1889
2619 227
2619 949
2620 370
2620 1329
2621 2244
2621 2736
2622 2795
2622 1720
2623 2624
2623 483
2624 2623
2624 483
2625 1533
2625 1965
2626 1054
2626 124
2627 2241
2627 2628
2628 2627
2628 1279
2629 2159
2629 1320
2630 1460
2630 1717
2631 2903
2631 550
2632 1759
2632 43
2633 2356
2633 1591
2634 2625
2634 1424
2635 2519
2635 2833
2636 822
2636 928
2637 912
2637 373
2638 152
2638 661
2639 351
2639 180
2640 34
2640 2641
2641 2640
2641 34
2642 1227
2642 2669
2643 1246
2643 155
2644 76
2644 1457
2645 1956
2645 273
2646 2973
2646 2167
2647 2633
2647 1591
2648 2900
2648 2899
2649 2650
2649 2444
2650 2649
2650 2444
2651 2984
2651 1259
2652 593
2652 781
2653 3291
2653 1539
2654 1755
2654 2828
2655 1872
2655 693
2656 2430
2656 2661
2657 1010
2657 28
2658 1919
2658 2340
2659 1676
2659 1174
2660 2853
2660 917
2661 2656
2661 465
2662 376
2662 182
2663 2829
2663 147
2664 2991
2664 2047
2665 887
2665 2021
2666 1043
2666 1904
2667 2248
2667 2128
2668 492
2668 388
2669 64
2669 2929
2670 2472
2670 2672
2671 1604
2671 1274
2672 1629
2672 2670
2673 2901
2673 2482
2674 1835
2674 1466
2675 2592
2675 1350
2676 2735
2676 994
2677 1792
2677 553
2678 1533
2678 2089
2679 1507
2679 2686
2680 2767
2680 1769
2681 2490
2681 453
2682 1106
2682 1109
2682 3326
2683 605
2683 1485
2684 1900
2684 2208
2685 1036
2685 917
2686 2764
2686 1507
2687 2442
2687 1971
2688 1469
2688 407
2689 376
2689 909
2690 1364
2690 533
2691 1275
2691 533
2692 2135
2692 830
2693 2692
2693 190
2694 506
2694 2188
2695 876
2695 2188
2696 179
2696 1860
2697 2092
2697 179
2698 2228
2698 881
2699 384
2699 977
2700 1601
2700 1169
2701 3111
2701 688
2702 717
2702 72
2703 2966
2703 1035
2704 1051
2704 2966
2705 438
2705 2706
2706 2705
2706 438
2707 2478
2707 416
2708 1146
2708 1197
2709 2710
2709 1838
2710 251
2710 1569
2711 2709
2711 1896
2712 2014
2712 2537
2713 2731
2713 1907
2714 893
2714 587
2715 2063
2715 453
2716 160
2716 1752
2717 2821
2717 493
2718 2887
2718 2719
2719 2720
2719 2718
2720 1750
2720 2719
2721 707
2721 132
2722 2743
2722 738
2723 759
2723 2092
2724 901
2724 1014
2725 833
2725 903
2726 2524
2726 2727
2727 1287
2727 2726
2728 3111
2728 3316
2729 118
2729 1847
2730 1293
2730 1435
2731 2713
2731 1907
2732 254
2732 3248
2733 2732
2733 1715
2734 1423
2734 1455
2735 2447
2735 2676
2736 1630
2736 2621
2737 940
2737 1379
2738 940
2738 233
2739 1856
2739 2918
2740 2741
2740 401
2741 2740
2741 401
2742 147
2742 2193
2743 2722
2743 2744
2744 3200
2744 2743
2745 2332
2745 2269
2746 2012
2746 1845
2747 1726
2747 1441
2748 1207
2748 2349
2749 2105
2749 1269
2750 3120
2750 729
2751 2587
2751 1719
2752 1437
2752 1932
2753 440
2753 1893
2754 710
2754 2086
2755 710
2755 1159
2756 1391
2756 801
2757 3191
2757 1106
2758 106
2758 1339
2759 719
2759 2964
2760 2286
2760 1478
2761 340
2761 3200
2762 482
2762 2999
2763 2286
2763 253
2764 872
2764 272
2765 2764
2765 272
2766 2231
2766 2680
2767 1568
2767 1769
2768 2769
2768 1796
2769 1796
2769 2768
2770 2771
2770 293
2771 293
2771 865
2772 2773
2772 3272
2773 2772
2773 1784
2774 2775
2774 2967
2775 2774
2775 2967
2776 155
2776 106
2777 869
2777 1436
2778 2357
2778 2309
2779 1211
2779 2780
2780 2309
2780 2779
2781 1106
2781 1109
2781 3326
2782 1480
2782 453
2783 2418
2783 2064
2784 1703
2784 775
2785 27
2785 2023
2786 3098
2786 3014
2787 524
2787 806
2788 1537
2788 524
2789 297
2789 2149
2790 1184
2790 1411
2791 461
2791 1251
2792 2750
2792 2412
2793 94
2793 1192
2794 1372
2794 2796
2795 1173
2795 1720
2796 2794
2796 1720
2797 2286
2797 875
2798 1665
2798 1899
2799 2178
2799 1948
2800 1700
2800 1304
2801 114
2801 2802
2802 2896
2802 2801
2803 909
2803 2392
2804 1806
2804 2350
2805 874
2805 1806
2806 328
2806 2807
2807 2253
2807 2806
2808 586
2808 1128
2809 2810
2809 514
2810 2809
2810 514
2811 2241
2811 718
2812 441
2812 2501
2813 2583
2813 1158
2814 1410
2814 2153
2815 579
2815 1410
2816 1562
2816 1449
2817 1449
2817 678
2818 2789
2818 3035
2819 3202
2819 1033
2820 1644
2820 3324
2821 3086
2821 493
2822 784
2822 1071
2823 2097
2823 691
2824 686
2824 1219
2825 569
2825 495
2826 2827
2826 59
2827 2826
2827 510
2828 1296
2828 2654
2829 968
2829 1943
2830 1229
2830 3098
2831 553
2831 2677
2832 489
2832 2833
2833 1562
2833 2950
2834 1964
2834 3082
2835 2296
2835 212
2836 1857
2836 2835
2837 783
2837 3183
2838 1454
2838 667
2839 1351
2839 1644
2840 2190
2840 3050
2841 2127
2841 3202
2842 686
2842 2843
2843 2828
2843 2842
2844 430
2844 2913
2845 417
2845 670
2846 2622
2846 402
2847 1065
2847 1800
2848 2587
2848 1775
2849 3243
2849 2850
2850 2683
2850 2849
2851 1722
2851 1341
2852 1606
2852 668
2853 1036
2853 917
2854 2947
2854 2141
2855 1340
2855 204
2856 1897
2856 1626
2857 2197
2857 1392
2858 1972
2858 1394
2859 1734
2859 2064
2860 2769
2860 1298
2861 2142
2861 280
2862 2024
2862 42
2863 1028
2863 1566
2864 300
2864 3176
2865 2629
2865 1259
2866 2698
2866 170
2867 1603
2867 422
2868 453
2868 1452
2869 2868
2869 2870
2870 2868
2870 2869
2871 707
2871 980
2872 956
2872 2873
2873 720
2873 2872
2874 1091
2874 864
2875 1179
2875 2309
2876 1978
2876 67
2877 2242
2877 1040
2878 446
2878 850
2879 797
2879 212
2880 1580
2880 2775
2881 2867
2881 277
2882 2829
2882 2242
2883 1259
2883 186
2884 2394
2884 1125
2885 1286
2885 1815
2886 586
2886 2313
2887 451
2887 2293
2888 277
2888 201
2889 2434
2889 353
2890 2228
2890 1259
2891 1115
2891 509
2892 1715
2892 2117
2893 754
2893 3308
2894 2068
2894 3144
2895 608
2895 2159
2896 2802
2896 396
2897 1952
2897 599
2898 853
2898 1427
2899 2648
2899 2900
2900 2899
2900 1094
2901 2163
2901 1946
2902 153
2902 2207
2903 2900
2903 1094
2904 1605
2904 2268
2905 2129
2905 2515
2906 2540
2906 1456
2907 2038
2907 2289
2908 1076
2908 536
2909 853
2909 3232
2910 555
2910 1116
2911 540
2911 771
2912 2309
2912 1455
2913 430
2913 2844
2914 1639
2914 570
2915 2331
2915 3178
2916 880
2916 1717
2917 2947
2917 594
2918 87
2918 2215
2919 45
2919 3097
2920 2497
2920 342
2921 3215
2921 3046
2922 3283
2922 437
2923 1286
2923 3180
2924 2796
2924 2848
2925 1567
2925 2166
2926 1607
2926 2211
2927 1440
2927 1232
2928 214
2928 702
2929 3326
2929 305
2930 3221
2930 2464
2931 56
2931 2608
2932 1761
2932 316
2933 1
2933 158
2934 1229
2934 2935
2935 1091
2935 2934
2936 627
2936 196
2937 310
2937 1878
2938 2788
2938 524
2939 690
2939 1111
2940 1783
2940 2939
2941 2001
2941 175
2942 2379
2942 3308
2943 3
2943 952
2944 2653
2944 2907
2945 2245
2945 2578
2946 659
2946 1099
2947 1344
2947 1367
2948 1083
2948 690
2949 2090
2949 1805
2950 1562
2950 2833
2951 1162
2951 2798
2952 2608
2952 56
2953 1106
2953 1109
2953 3326
2954 1376
2954 682
2955 2957
2955 2956
2956 1457
2956 381
2957 2955
2957 381
2958 1612
2958 772
2959 2581
2959 876
2960 2141
2960 1344
2961 1372
2961 2793
2962 1651
2962 320
2963 2819
2963 1789
2964 768
2964 1956
2965 2980
2965 2286
2966 1035
2966 2704
2967 2774
2967 2775
2968 246
2968 993
2969 1263
2969 2145
2970 1529
2970 1722
2971 3297
2971 1950
2972 74
2972 2526
2973 2167
2973 2120
2974 73
2974 1589
2975 1564
2975 2094
2976 247
2976 1152
2977 494
2977 304
2978 259
2978 2862
2979 2734
2979 1968
2980 1144
2980 2381
2981 2395
2981 1282
2982 9
2982 2008
2983 1204
2983 1148
2984 1827
2984 1922
2985 2986
2985 730
2986 1722
2986 2987
2987 1722
2987 2986
2988 409
2988 1951
2989 2111
2989 2990
2990 2989
2990 389
2991 2664
2991 2047
2992 3254
2992 2137
2993 2278
2993 234
2994 748
2994 1619
2995 1679
2995 391
2996 2615
2996 2997
2997 648
2997 2996
2998 2605
2998 1941
2999 684
2999 1006
3000 2291
3000 454
3001 2592
3001 2205
3002 336
3002 1366
3003 3284
3003 3005
3004 253
3004 3005
3005 3284
3005 3003
3006 2378
3006 354
3007 2058
3007 1111
3008 1504
3008 1365
3009 1094
3009 1162
3010 3009
3010 1162
3011 833
3011 1808
3012 1461
3012 2913
3013 2967
3013 324
3014 2649
3014 2786
3015 2939
3015 1783
3016 945
3016 1251
3017 2447
3017 1919
3018 734
3018 1077
3019 2789
3019 2286
3020 860
3020 2340
3021 1067
3021 1305
3022 3050
3022 1624
3023 568
3023 1839
3024 2530
3024 1223
3025 327
3025 1382
3026 1000
3026 790
3027 2426
3027 1989
3028 2420
3028 2422
3029 359
3029 80
3030 2319
3030 2064
3031 2702
3031 2039
3032 902
3032 1524
3033 764
3033 482
3034 340
3034 1622
3035 2818
3035 942
3036 225
3036 1528
3037 901
3037 1810
3038 1384
3038 1382
3039 2210
3039 3317
3040 1224
3040 282
3041 2800
3041 282
3042 1106
3042 1109
3042 3326
3043 1250
3043 1591
3044 943
3044 2010
3045 2342
3045 3187
3046 1939
3046 1932
3047 440
3047 1303
3048 678
3048 564
3049 1572
3049 3050
3050 1572
3050 3049
3051 2903
3051 1094
3052 494
3052 2232
3053 3248
3053 1715
3054 2377
3054 1273
3055 3056
3055 1509
3056 1509
3056 3055
3057 1022
3057 3058
3058 3057
3058 3059
3059 1547
3059 3058
3060 186
3060 911
3061 1936
3061 295
3062 3099
3062 1563
3063 1106
3063 1109
3063 3326
3064 3225
3064 873
3065 2610
3065 1433
3066 1021
3066 2108
3067 996
3067 848
3068 1218
3068 1868
3069 3217
3069 714
3070 2678
3070 161
3071 371
3071 3312
3072 918
3072 1955
3073 528
3073 1734
3074 1922
3074 2592
3075 959
3075 1949
3076 1098
3076 1647
3077 555
3077 2750
3078 3311
3078 2976
3079 3311
3079 318
3080 20
3080 2917
3081 2225
3081 666
3082 1991
3082 2834
3083 321
3083 872
3084 156
3084 1334
3085 1662
3085 984
3086 237
3086 2821
3087 1080
3087 1434
3088 3107
3088 2014
3089 328
3089 1849
3090 2420
3090 1695
3091 1695
3091 2037
3092 3297
3092 1664
3093 274
3093 753
3094 3095
3094 1291
3095 3094
3095 1673
3096 1991
3096 1003
3097 2919
3097 2387
3098 2650
3098 1229
3099 182
3099 2450
3100 1875
3100 1541
3101 166
3101 1555
3102 711
3102 3103
3103 711
3103 3102
3104 268
3104 1604
3105 2900
3105 479
3106 3107
3106 2067
3107 3106
3107 2067
3108 2366
3108 954
3109 784
3109 3110
3110 784
3110 3109
3111 2780
3111 1900
3112 2307
3112 1673
3113 3251
3113 784
3114 2474
3114 1696
3115 3013
3115 453
3116 153
3116 2475
3117 3118
3117 1252
3118 1252
3118 3119
3119 3117
3119 3118
3120 2464
3120 642
3121 1978
3121 145
3122 1698
3122 1720
3123 3260
3123 720
3124 741
3124 1674
3125 1310
3125 1851
3126 1651
3126 3127
3127 1833
3127 3126
3128 2208
3128 2434
3129 2291
3129 2006
3130 859
3130 3109
3131 792
3131 1784
3132 3216
3132 486
3133 1322
3133 3134
3134 3133
3134 119
3135 1499
3135 3136
3136 3135
3136 1499
3137 1304
3137 121
3138 1359
3138 466
3139 3244
3139 1085
3140 1487
3140 1491
3141 1364
3141 1514
3142 1695
3142 1669
3143 121
3143 2004
3144 636
3144 2894
3145 600
3145 955
3146 519
3146 782
3147 3048
3147 519
3148 519
3148 3147
3149 684
3149 1006
3150 1038
3150 1257
3151 257
3151 823
3152 2288
3152 2549
3153 1272
3153 624
3154 2559
3154 247
3155 457
3155 1622
3156 3251
3156 1906
3157 1280
3157 2258
3158 495
3158 963
3159 1221
3159 1602
3160 1470
3160 2493
3161 2469
3161 785
3162 1885
3162 1328
3163 1798
3163 1458
3164 1755
3164 2363
3165 3166
3165 462
3166 3318
3166 462
3167 2309
3167 2334
3168 2868
3168 3167
3169 3170
3169 3172
3170 3172
3170 1285
3171 3173
3171 3169
3172 1285
3172 3170
3173 1523
3173 3169
3174 1048
3174 597
3175 1007
3175 2566
3176 2499
3176 3177
3177 3176
3177 789
3178 2915
3178 2566
3179 1890
3179 2633
3180 3181
3180 1089
3181 3180
3181 1306
3182 2448
3182 163
3183 1766
3183 210
3184 330
3184 325
3185 1092
3185 403
3186 1057
3186 1190
3187 1673
3187 3045
3188 1628
3188 2155
3189 2041
3189 1810
3190 850
3190 973
3191 1044
3191 2178
3192 2777
3192 1332
3193 2558
3193 3109
3194 1487
3194 3197
3195 1993
3195 722
3196 3005
3196 2043
3197 3234
3197 3236
3198 1257
3198 2221
3199 3279
3199 2987
3200 687
3200 655
3201 655
3201 3200
3202 1272
3202 2841
3203 403
3203 1066
3204 2359
3204 2722
3205 1803
3205 1744
3206 2276
3206 3216
3207 1775
3207 2207
3208 1949
3208 970
3209 2039
3209 1080
3210 3193
3210 784
3211 815
3211 615
3212 1106
3212 1109
3212 3326
3213 2385
3213 1408
3214 1106
3214 1109
3214 3326
3215 2154
3215 2921
3216 564
3216 3048
3217 2973
3217 2120
3218 563
3218 3029
3219 1095
3219 1553
3220 923
3220 3116
3221 567
3221 2486
3222 3008
3222 1298
3223 1512
3223 3166
3224 2462
3224 1165
3225 3064
3225 873
3226 1519
3226 2862
3227 2698
3227 3242
3228 3236
3228 3234
3229 239
3229 3230
3230 3229
3230 767
3231 555
3231 853
3232 2252
3232 853
3233 1364
3233 2576
3234 3228
3234 3236
3235 3236
3235 1627
3236 3228
3236 3234
3237 46
3237 1047
3238 688
3238 2237
3239 2071
3239 866
3240 2178
3240 760
3241 1018
3241 1032
3242 1062
3242 3227
3243 2014
3243 2056
3244 3139
3244 1085
3245 1352
3245 2318
3246 1313
3246 2039
3247 3260
3247 2076
3248 254
3248 2732
3249 2550
3249 500
3250 1106
3250 1109
3250 3326
3251 3156
3251 3113
3252 379
3252 3253
3253 379
3253 3252
3254 3097
3254 2992
3255 2660
3255 1376
3256 2064
3256 2594
3257 1771
3257 1778
3258 2024
3258 636
3259 1219
3259 1118
3260 1459
3260 2889
3261 1293
3261 673
3262 1440
3262 2483
3263 274
3263 1114
3264 1475
3264 3265
3265 1970
3265 1792
3266 3114
3266 1696
3267 1808
3267 2033
3268 2427
3268 2271
3269 422
3269 1603
3270 2192
3270 343
3271 2732
3271 254
3272 1076
3272 2772
3273 1266
3273 829
3274 472
3274 95
3275 413
3275 186
3276 482
3276 938
3277 123
3277 1432
3278 18
3278 185
3279 3199
3279 2026
3280 1364
3280 1194
3281 1915
3281 453
3282 2918
3282 1854
3283 589
3283 2922
3284 1113
3284 3005
3285 786
3285 781
3286 1411
3286 1667
3287 2603
3287 1726
3288 3216
3288 3215
3289 2238
3289 344
3290 2452
3290 2214
3291 1539
3291 2653
3292 1106
3292 1109
3292 3326
3293 322
3293 3221
3294 2153
3294 304
3295 1926
3295 2301
3296 2177
3296 860
3297 3092
3297 1664
3298 266
3298 500
3299 515
3299 1383
3300 985
3300 2599
3301 3302
3301 1908
3302 3301
3302 1908
3303 3174
3303 1733
3304 734
3304 1651
3305 1106
3305 1109
3305 3326
3306 1106
3306 1109
3306 3326
3307 3098
3307 1174
3308 237
3308 287
3309 1106
3309 1109
3309 3326
3310 728
3310 116
3311 717
3311 318
3312 1369
3312 1746
3313 1284
3313 1974
3314 734
3314 1515
3315 250
3315 2103
3316 2229
3316 2728
3317 1116
3317 3039
3318 462
3318 1027
3319 31
3319 3320
3320 1536
3320 3319
3321 118
3321 1750
3322 193
3322 3323
3323 1998
3323 3322
3324 1092
3324 268
3325 1852
3325 1643
3326 458
3326 2929
