0 700
0 2613
1 255
1 470
2 1666
2 149
3 2051
3 604
4 2586
4 2223
5 2211
5 2404
6 2088
6 2089
7 2544
7 469
8 225
8 374
9 299
9 723
10 1204
10 1039
11 1924
11 2104
12 539
12 2662
13 2658
13 1201
14 180
14 159
15 1271
15 1093
16 758
16 853
17 1316
17 927
18 968
18 139
19 1210
19 2531
20 821
20 941
21 1657
21 1561
22 2380
22 789
23 1256
23 653
24 150
24 2139
25 2475
25 1344
26 2454
26 1457
27 2004
27 531
28 919
28 686
29 1318
29 2662
30 738
30 1080
31 2100
31 1973
32 518
32 666
33 879
33 576
34 322
34 1612
35 69
35 1837
36 1505
36 1610
37 1288
37 1076
38 2108
38 1906
39 2646
39 381
40 2174
40 1364
41 149
41 1871
42 1372
42 1362
43 1369
43 1653
44 2698
44 2701
45 2690
45 1497
46 1238
46 919
47 1707
47 735
48 2473
48 1615
49 402
49 1893
50 935
50 441
51 2582
51 1785
52 1839
52 1832
53 526
53 1739
54 2428
54 656
55 1275
55 1079
56 1372
56 412
57 815
57 717
58 1749
58 1754
59 1037
59 2466
60 656
60 650
61 1927
61 1602
62 1578
62 350
63 429
63 756
64 2510
64 1209
65 2074
65 619
66 1405
66 1659
67 2270
67 370
68 758
68 1727
69 2425
69 1340
70 1455
70 1537
71 2691
71 1149
72 1968
72 2193
73 867
73 1214
74 1741
74 737
75 1785
75 842
76 93
76 1668
77 1803
77 2423
78 1329
78 1418
79 1043
79 506
80 347
80 257
81 1397
81 527
82 1101
82 1531
83 562
83 2421
84 583
84 1507
85 1968
85 1986
86 2154
86 566
87 539
87 778
88 851
88 1174
89 2238
89 1443
90 686
90 1727
91 2001
91 2587
92 1836
92 1236
93 878
93 1043
94 1968
94 195
95 1628
95 525
96 1849
96 1362
97 1032
97 344
98 1220
98 630
99 2604
99 123
100 2056
100 1388
101 686
101 1149
102 389
102 2093
103 2084
103 2081
104 109
104 1552
105 1724
105 2651
106 2183
106 2461
107 2450
107 2685
108 144
108 2157
109 1805
109 1552
110 609
110 1373
111 1489
111 919
112 2269
112 244
113 647
113 904
114 969
114 610
115 488
115 2177
116 2396
116 2394
117 2537
117 259
118 1507
118 1343
119 2269
119 2621
120 1997
120 968
121 1253
121 1624
122 908
122 2300
123 2604
123 99
124 1193
124 1705
125 203
125 1122
126 1488
126 687
127 2604
127 1165
128 1409
128 2289
129 1248
129 628
130 1982
130 2177
131 2359
131 687
132 1955
132 646
133 1204
133 1787
134 548
134 2522
135 2089
135 1490
136 2086
136 1778
137 2095
137 2144
138 2175
138 2078
139 1253
139 18
140 582
140 2496
141 2483
141 2401
142 1680
142 2408
143 2500
143 2430
144 108
144 2157
145 537
145 213
146 1826
146 997
147 2108
147 21
148 2306
148 2250
149 2
149 155
150 24
150 2140
151 2408
151 1991
152 2240
152 2399
153 1780
153 2046
154 46
154 919
155 149
155 1681
156 1763
156 1736
157 2445
157 2493
158 383
158 2037
159 180
159 14
160 327
160 745
161 701
161 2010
162 1174
162 1489
163 370
163 1724
164 1043
164 815
165 2168
165 327
166 258
166 2315
167 168
167 2437
168 2437
168 2482
169 2388
169 2163
170 2614
170 805
171 158
171 775
172 756
172 1692
173 686
173 1149
174 403
174 629
175 2217
175 1668
176 388
176 1043
177 2679
177 2682
178 2613
178 207
179 2603
179 149
180 1968
180 1564
181 539
181 1464
182 2372
182 700
183 727
183 536
184 2291
184 748
185 923
185 480
186 2580
186 1672
187 34
187 1208
188 489
188 757
189 1262
189 564
190 539
190 1362
191 2260
191 2075
192 1423
192 2589
193 707
193 2455
194 2564
194 1451
195 2193
195 94
196 794
196 2320
197 182
197 1446
198 2248
198 1257
199 1663
199 420
200 2412
200 2411
201 2568
201 143
202 1345
202 1173
203 410
203 857
204 1512
204 1359
205 1951
205 456
206 1267
206 1903
207 2613
207 178
208 1515
208 1175
209 1730
209 2681
210 1319
210 1626
211 780
211 151
212 2670
212 1084
213 1593
213 145
214 2177
214 656
215 770
215 2118
216 2288
216 780
217 756
217 2648
218 2690
218 1294
219 1702
219 1619
220 203
220 155
221 2691
221 672
222 1728
222 821
223 1659
223 919
224 292
224 1336
225 2146
225 2255
226 2430
226 316
227 1712
227 1427
228 1723
228 1201
229 1175
229 1204
230 986
230 1095
231 681
231 598
232 2142
232 2141
233 340
233 2510
234 558
234 610
235 1082
235 2540
236 1340
236 1837
237 2539
237 2540
238 940
238 1828
239 2002
239 2001
240 1692
240 1514
241 1256
241 371
242 1195
242 1058
243 756
243 2291
244 1749
244 346
245 2640
245 2234
246 1150
246 1752
247 789
247 1202
248 443
248 1264
249 1904
249 559
250 2252
250 719
251 1933
251 812
252 2177
252 1411
253 1933
253 1211
254 1211
254 507
255 1143
255 2259
256 1378
256 288
257 1117
257 80
258 286
258 1443
259 1404
259 117
260 591
260 562
261 1479
261 1201
262 663
262 1645
263 1910
263 2169
264 2496
264 448
265 1415
265 2029
266 2272
266 1268
267 1295
267 670
268 2330
268 1757
269 2551
269 1996
270 1195
270 1058
271 1510
271 1001
272 2177
272 155
273 846
273 2146
274 1374
274 1293
275 1569
275 1971
276 80
276 1137
277 1072
277 2177
278 2349
278 1498
279 242
279 1058
280 1163
280 921
281 1866
281 1595
282 1901
282 1959
283 2250
283 1260
284 1231
284 2224
285 1340
285 827
286 588
286 911
287 1918
287 1043
288 2425
288 2533
289 1447
289 1722
290 1720
290 1599
291 240
291 1692
292 700
292 352
293 2038
293 443
294 1800
294 1997
295 1176
295 877
296 919
296 1281
297 695
297 664
298 345
298 785
299 9
299 1175
300 336
300 2136
301 1687
301 2492
302 1204
302 1778
303 1158
303 589
304 1452
304 2000
305 164
305 1145
306 737
306 2174
307 919
307 2365
308 1560
308 1340
309 595
309 1261
310 1241
310 892
311 1090
311 2367
312 403
312 629
313 959
313 2359
314 1986
314 1193
315 2232
315 527
316 1297
316 2372
317 2284
317 1429
318 563
318 1337
319 853
319 2663
320 2561
320 1066
321 2276
321 695
322 1149
322 1489
323 1252
323 1658
324 2155
324 1911
325 753
325 1667
326 1719
326 1968
327 2372
327 700
328 1715
328 1784
329 2359
329 2283
330 2031
330 2123
331 539
331 349
332 1
332 1615
333 1968
333 1465
334 2396
334 2295
335 2141
335 698
336 1223
336 1666
337 558
337 562
338 872
338 1939
339 1435
339 984
340 2400
340 2463
341 848
341 1389
342 2324
342 903
343 311
343 1090
344 97
344 935
345 686
345 2276
346 1804
346 723
347 80
347 423
348 1643
348 2239
349 331
349 551
350 1301
350 62
351 2437
351 1109
352 2372
352 700
353 1238
353 919
354 1885
354 1850
355 1977
355 1489
356 18
356 2552
357 1737
357 919
358 1989
358 1466
359 1750
359 905
360 1543
360 1824
361 1390
361 726
362 2038
362 1966
363 686
363 1687
364 819
364 1756
365 2193
365 2704
366 1127
366 1995
367 905
367 439
368 348
368 2248
369 1534
369 1965
370 203
370 1414
371 155
371 720
372 1459
372 656
373 1105
373 2332
374 273
374 2146
375 2401
375 1094
376 1378
376 155
377 453
377 715
378 1639
378 1257
379 1478
379 1190
380 155
380 1867
381 198
381 2239
382 501
382 1038
383 158
383 2473
384 1228
384 2368
385 1261
385 2483
386 700
386 2372
387 1038
387 1877
388 698
388 176
389 2186
389 969
390 1139
390 2691
391 1018
391 1003
392 656
392 371
393 1958
393 2528
394 2352
394 577
395 1334
395 2234
396 1802
396 1988
397 2207
397 879
398 2613
398 1160
399 1773
399 1146
400 941
400 559
401 2691
401 1065
402 253
402 1933
403 2522
403 174
404 2649
404 1170
405 738
405 1218
406 426
406 1773
407 143
407 459
408 95
408 858
409 1005
409 2084
410 857
410 203
411 1799
411 2609
412 2183
412 56
413 1239
413 2233
414 175
414 1285
415 1523
415 966
416 2489
416 698
417 2036
417 1798
418 1618
418 827
419 2485
419 1190
420 2702
420 199
421 1432
421 1605
422 1097
422 1261
423 347
423 2180
424 2555
424 216
425 2523
425 859
426 2085
426 2081
427 2608
427 1398
428 198
428 2538
429 691
429 1890
430 1966
430 1971
431 2644
431 2694
432 1175
432 815
433 2037
433 1866
434 1172
434 698
435 2163
435 1704
436 1487
436 1673
437 266
437 514
438 651
438 1667
439 1642
439 2657
440 1735
440 451
441 2272
441 702
442 627
442 2237
443 248
443 1264
444 2289
444 623
445 1948
445 909
446 1507
446 2265
447 1362
447 921
448 2491
448 264
449 1073
449 905
450 2306
450 443
451 737
451 1500
452 1565
452 1779
453 348
453 377
454 1803
454 2272
455 2146
455 2234
456 52
456 2675
457 2215
457 835
458 468
458 451
459 2408
459 1340
460 131
460 2359
461 2427
461 873
462 212
462 1048
463 1703
463 222
464 919
464 1758
465 2260
465 1673
466 1730
466 1738
467 747
467 604
468 1537
468 117
469 7
469 747
470 1097
470 654
471 2154
471 1399
472 1182
472 720
473 2205
473 2647
474 1670
474 153
475 2081
475 1139
476 1779
476 1140
477 930
477 2393
478 1332
478 2060
479 676
479 1340
480 656
480 2359
481 1149
481 1164
482 2360
482 531
483 1324
483 2266
484 937
484 2208
485 2074
485 839
486 2076
486 1020
487 1278
487 1273
488 1708
488 62
489 188
489 1489
490 514
490 2017
491 190
491 2164
492 2672
492 2678
493 2615
493 38
494 1509
494 1528
495 1310
495 727
496 1388
496 992
497 737
497 2295
498 45
498 2342
499 2458
499 1916
500 1190
500 419
501 2389
501 1601
502 1190
502 1837
503 574
503 2348
504 737
504 277
505 1560
505 1251
506 1918
506 2186
507 1211
507 254
508 1525
508 1787
509 1290
509 1095
510 836
510 2344
511 2026
511 862
512 1655
512 1330
513 1596
513 657
514 2052
514 437
515 2496
515 2547
516 648
516 371
517 656
517 2705
518 843
518 594
519 656
519 1392
520 480
520 1877
521 2283
521 1044
522 1909
522 54
523 1760
523 949
524 2109
524 2201
525 1628
525 2180
526 358
526 53
527 81
527 315
528 1594
528 441
529 1417
529 2260
530 2174
530 856
531 27
531 2550
532 1863
532 2426
533 648
533 933
534 1317
534 883
535 2604
535 501
536 1614
536 567
537 145
537 2622
538 2236
538 2335
539 656
539 2408
540 1500
540 1408
541 904
541 1828
542 1772
542 109
543 2544
543 2623
544 2347
544 1580
545 2291
545 740
546 1119
546 2127
547 977
547 1493
548 1411
548 2310
549 1808
549 962
550 277
550 2177
551 1849
551 349
552 1975
552 2109
553 1652
553 780
554 259
554 672
555 1460
555 352
556 1804
556 2092
557 1340
557 673
558 337
558 562
559 249
559 1579
560 1890
560 2526
561 2431
561 1277
562 558
562 1718
563 318
563 1337
564 1509
564 189
565 2557
565 1610
566 2075
566 86
567 1164
567 536
568 196
568 2359
569 1175
569 2512
570 143
570 1297
571 826
571 1090
572 405
572 1754
573 647
573 2407
574 2348
574 503
575 2701
575 2388
576 1514
576 665
577 394
577 2666
578 935
578 702
579 1259
579 2177
580 1744
580 919
581 2226
581 2217
582 1534
582 140
583 2155
583 84
584 140
584 2618
585 560
585 2526
586 1224
586 1521
587 528
587 941
588 286
588 1051
589 2252
589 303
590 652
590 1957
591 737
591 260
592 2690
592 291
593 718
593 787
594 1076
594 663
595 715
595 309
596 647
596 1910
597 1066
597 1870
598 2359
598 2605
599 2272
599 1198
600 2177
600 1027
601 683
601 1722
602 2250
602 148
603 656
603 1816
604 827
604 3
605 2564
605 2534
606 27
606 2230
607 2146
607 509
608 655
608 1730
609 1763
609 110
610 1283
610 2481
611 2631
611 2690
612 1314
612 1543
613 1358
613 1095
614 1475
614 2470
615 1361
615 1565
616 2365
616 1149
617 2645
617 1812
618 1708
618 350
619 2418
619 2623
620 2536
620 2296
621 1543
621 451
622 664
622 2473
623 2547
623 2289
624 1139
624 912
625 1817
625 698
626 2382
626 2138
627 2236
627 442
628 676
628 129
629 2334
629 174
630 2533
630 868
631 2200
631 2657
632 2685
632 2476
633 1862
633 1866
634 2174
634 2266
635 1812
635 2627
636 1937
636 1652
637 196
637 359
638 2662
638 924
639 406
639 543
640 1147
640 2367
641 365
641 2193
642 1017
642 2704
643 813
643 2407
644 333
644 72
645 2138
645 1837
646 1955
646 1959
647 2269
647 904
648 516
648 533
649 601
649 386
650 1915
650 60
651 787
651 2024
652 518
652 1097
653 389
653 23
654 1097
654 470
655 1245
655 2300
656 54
656 2234
657 2618
657 2657
658 1515
658 1084
659 1667
659 1803
660 1773
660 1780
661 925
661 1470
662 2589
662 2600
663 262
663 594
664 2534
664 2430
665 887
665 576
666 518
666 32
667 2049
667 1397
668 1651
668 1770
669 1331
669 987
670 1835
670 267
671 904
671 419
672 221
672 1378
673 1091
673 2138
674 2180
674 1785
675 2401
675 2356
676 739
676 1901
677 1902
677 1956
678 1481
678 116
679 2543
679 1198
680 240
680 2428
681 1446
681 1445
682 748
682 2644
683 2372
683 2359
684 1150
684 1720
685 2701
685 2177
686 687
686 919
687 686
687 1033
688 395
688 2518
689 1311
689 820
690 311
690 1090
691 1889
691 2034
692 2079
692 327
693 1478
693 2180
694 2461
694 2050
695 948
695 1365
696 2164
696 1570
697 700
697 1149
698 222
698 2473
699 2359
699 1852
700 182
700 2372
701 2286
701 2062
702 2069
702 441
703 857
703 1500
704 766
704 1483
705 2037
705 1348
706 1813
706 2128
707 1296
707 1910
708 1340
708 1837
709 1690
709 1897
710 2335
710 352
711 459
711 1800
712 1387
712 539
713 2411
713 1687
714 2206
714 2302
715 2690
715 377
716 972
716 1149
717 1900
717 815
718 1474
718 787
719 2637
719 2120
720 472
720 371
721 1034
721 489
722 702
722 1567
723 9
723 346
724 2177
724 1027
725 1729
725 276
726 1686
726 2672
727 2609
727 1386
728 2155
728 2388
729 2534
729 222
730 1188
730 748
731 2074
731 347
732 1281
732 296
733 2214
733 2400
734 656
734 992
735 1958
735 739
736 2408
736 2202
737 451
737 1741
738 1218
738 405
739 1958
739 735
740 1002
740 545
741 236
741 1088
742 505
742 610
743 1127
743 366
744 406
744 466
745 366
745 1995
746 700
746 2372
747 469
747 2450
748 1668
748 1145
749 724
749 2153
750 1235
750 870
751 1388
751 1631
752 985
752 760
753 1013
753 2156
754 1145
754 919
755 2177
755 1967
756 1692
756 240
757 970
757 188
758 1730
758 853
759 381
759 198
760 700
760 985
761 307
761 1350
762 1067
762 1287
763 1628
763 525
764 796
764 820
765 755
765 667
766 54
766 2436
767 518
767 539
768 792
768 182
769 897
769 1907
770 1508
770 2118
771 1975
771 619
772 2134
772 1067
773 1776
773 1800
774 2234
774 2021
775 952
775 1987
776 1177
776 1940
777 767
777 2485
778 1919
778 1163
779 2110
779 684
780 719
780 2341
781 1909
781 2613
782 2549
782 804
783 2400
783 893
784 1787
784 1877
785 1290
785 2258
786 40
786 314
787 718
787 1058
788 2401
788 2206
789 1018
789 22
790 2119
790 887
791 2550
791 2037
792 1201
792 768
793 2285
793 1903
794 196
794 2359
795 551
795 1343
796 787
796 1412
797 2492
797 800
798 1797
798 1795
799 182
799 1075
800 1833
800 797
801 857
801 203
802 1561
802 1001
803 2155
803 2112
804 1082
804 1307
805 2434
805 170
806 427
806 403
807 371
807 1179
808 924
808 29
809 634
809 441
810 1827
810 388
811 1438
811 1535
812 251
812 1933
813 643
813 953
814 948
814 2323
815 426
815 717
816 1997
816 2649
817 104
817 1527
818 1489
818 1850
819 1606
819 364
820 1153
820 764
821 2285
821 222
822 2101
822 2100
823 806
823 59
824 155
824 2234
825 2443
825 1812
826 1226
826 571
827 604
827 285
828 2619
828 2464
829 1989
829 1787
830 1900
830 1362
831 1088
831 1011
832 2600
832 2260
833 1235
833 1000
834 2597
834 1852
835 1924
835 457
836 1453
836 948
837 177
837 1206
838 518
838 2280
839 485
839 2074
840 902
840 2363
841 1283
841 2535
842 447
842 75
843 518
843 327
844 246
844 1624
845 700
845 1924
846 2551
846 273
847 2419
847 2178
848 567
848 1149
849 1256
849 1091
850 656
850 2177
851 88
851 1174
852 1076
852 459
853 758
853 16
854 885
854 1901
855 297
855 1636
856 1449
856 2681
857 410
857 203
858 2499
858 408
859 1067
859 1383
860 1340
860 2655
861 2172
861 347
862 511
862 168
863 2054
863 2272
864 542
864 1789
865 2600
865 1198
866 1334
866 182
867 1506
867 1229
868 2533
868 630
869 1297
869 1573
870 1036
870 1235
871 1904
871 2439
872 1940
872 1935
873 2427
873 656
874 2585
874 911
875 1943
875 1666
876 131
876 969
877 1176
877 295
878 2661
878 1785
879 33
879 397
880 2174
880 966
881 2656
881 1389
882 831
882 1072
883 1317
883 534
884 2401
884 1585
885 854
885 1027
886 2359
886 1204
887 2505
887 910
888 2470
888 731
889 905
889 1833
890 203
890 857
891 2174
891 1900
892 1948
892 1815
893 783
893 2378
894 1473
894 1729
895 1125
895 391
896 2213
896 1500
897 769
897 2136
898 1504
898 99
899 24
899 1941
900 1725
900 1438
901 459
901 151
902 919
902 2450
903 502
903 1343
904 647
904 541
905 1566
905 969
906 2666
906 2474
907 822
907 106
908 262
908 400
909 737
909 445
910 1624
910 887
911 2510
911 286
912 624
912 2675
913 2112
913 815
914 1099
914 985
915 2175
915 653
916 1303
916 1598
917 778
917 2639
918 1802
918 2067
919 1238
919 1744
920 1223
920 2004
921 190
921 280
922 2662
922 1143
923 1
923 1844
924 638
924 808
925 1222
925 2074
926 1993
926 1894
927 17
927 1315
928 2613
928 1325
929 1724
929 957
930 249
930 477
931 2359
931 2650
932 662
932 2600
933 534
933 883
934 217
934 1611
935 2428
935 1537
936 1284
936 919
937 1773
937 484
938 2027
938 2230
939 685
939 2177
940 1553
940 238
941 1779
941 587
942 35
942 1604
943 1774
943 1196
944 760
944 1951
945 242
945 1470
946 2647
946 2233
947 1648
947 1982
948 2605
948 836
949 556
949 523
950 1915
950 1495
951 919
951 1161
952 1987
952 836
953 2567
953 2566
954 1245
954 1484
955 1372
955 1655
956 177
956 1135
957 919
957 929
958 1798
958 1802
959 2359
959 2529
960 2613
960 2359
961 349
961 2359
962 182
962 549
963 1585
963 2435
964 1117
964 257
965 2408
965 1303
966 2015
966 415
967 1514
967 222
968 18
968 120
969 905
969 389
970 466
970 1750
971 1113
971 1650
972 1605
972 2063
973 868
973 737
974 2174
974 1272
975 1279
975 2199
976 1284
976 853
977 2221
977 1292
978 919
978 2365
979 2177
979 2207
980 176
980 2186
981 695
981 627
982 1256
982 1091
983 1079
983 2354
984 1068
984 2380
985 700
985 760
986 2063
986 2697
987 911
987 2246
988 2026
988 683
989 441
989 1067
990 745
990 327
991 1698
991 2161
992 1388
992 496
993 803
993 748
994 966
994 363
995 1338
995 2103
996 2248
996 368
997 1986
997 182
998 2653
998 2365
999 848
999 2391
1000 1015
1000 833
1001 1061
1001 802
1002 2361
1002 740
1003 391
1003 1149
1004 531
1004 1060
1005 2163
1005 409
1006 992
1006 1631
1007 2557
1007 2448
1008 497
1008 2575
1009 137
1009 2144
1010 86
1010 715
1011 1215
1011 2082
1012 1068
1012 1532
1013 780
1013 1224
1014 1802
1014 2278
1015 1215
1015 2400
1016 1231
1016 328
1017 86
1017 2347
1018 2645
1018 789
1019 2420
1019 2501
1020 486
1020 2076
1021 2093
1021 2664
1022 1203
1022 1962
1023 1011
1023 1958
1024 1906
1024 1541
1025 1042
1025 740
1026 948
1026 2509
1027 600
1027 724
1028 2234
1028 410
1029 2388
1029 1645
1030 1919
1030 1037
1031 182
1031 2205
1032 1314
1032 1904
1033 687
1033 1586
1034 1169
1034 721
1035 2175
1035 268
1036 1637
1036 870
1037 403
1037 1383
1038 382
1038 2503
1039 1529
1039 1985
1040 1719
1040 1720
1041 111
1041 919
1042 2052
1042 1027
1043 1918
1043 93
1044 521
1044 2698
1045 887
1045 406
1046 652
1046 2400
1047 1139
1047 2333
1048 1084
1048 462
1049 2100
1049 1479
1050 1634
1050 1380
1051 541
1051 588
1052 2142
1052 1297
1053 2571
1053 229
1054 1607
1054 2260
1055 1865
1055 1928
1056 167
1056 168
1057 2004
1057 1121
1058 242
1058 1195
1059 1390
1059 1600
1060 62
1060 1004
1061 1001
1061 911
1062 1278
1062 1818
1063 2353
1063 1162
1064 2354
1064 2675
1065 2540
1065 401
1066 2534
1066 320
1067 2313
1067 1383
1068 984
1068 2564
1069 839
1069 2580
1070 2177
1070 656
1071 1257
1071 2239
1072 277
1072 2177
1073 1149
1073 173
1074 190
1074 1675
1075 1086
1075 2633
1076 1637
1076 594
1077 2360
1077 1668
1078 360
1078 2704
1079 2384
1079 55
1080 738
1080 30
1081 2119
1081 1785
1082 2400
1082 804
1083 1450
1083 2053
1084 1326
1084 212
1085 2134
1085 280
1086 2246
1086 1124
1087 1841
1087 1401
1088 1011
1088 741
1089 2591
1089 2177
1090 343
1090 2367
1091 2176
1091 1256
1092 2359
1092 2605
1093 1271
1093 15
1094 2483
1094 1350
1095 1348
1095 1217
1096 2574
1096 1449
1097 654
1097 470
1098 2687
1098 2634
1099 914
1099 2359
1100 1276
1100 1414
1101 2508
1101 82
1102 1580
1102 1455
1103 1625
1103 919
1104 667
1104 2428
1105 737
1105 1997
1106 985
1106 1567
1107 2225
1107 611
1108 29
1108 2400
1109 2265
1109 2675
1110 1120
1110 2025
1111 2125
1111 546
1112 208
1112 677
1113 971
1113 1650
1114 1730
1114 2560
1115 1977
1115 2178
1116 4
1116 607
1117 2196
1117 2408
1118 498
1118 2342
1119 2127
1119 2125
1120 1840
1120 1110
1121 27
1121 2550
1122 125
1122 1953
1123 111
1123 919
1124 2246
1124 1086
1125 1923
1125 2332
1126 2495
1126 1823
1127 1995
1127 366
1128 2546
1128 2275
1129 2187
1129 2027
1130 1988
1130 2495
1131 724
1131 1244
1132 1582
1132 1862
1133 2185
1133 1500
1134 1945
1134 2693
1135 2673
1135 2249
1136 610
1136 2097
1137 2015
1137 2179
1138 715
1138 177
1139 2576
1139 2021
1140 1779
1140 476
1141 1985
1141 2259
1142 54
1142 1340
1143 1452
1143 255
1144 103
1144 589
1145 1668
1145 748
1146 54
1146 656
1147 2367
1147 640
1148 919
1148 1317
1149 919
1149 686
1150 111
1150 919
1151 1312
1151 2700
1152 2232
1152 336
1153 984
1153 820
1154 1744
1154 919
1155 2582
1155 2503
1156 2347
1156 2416
1157 678
1157 1793
1158 1774
1158 303
1159 681
1159 2212
1160 2540
1160 1551
1161 501
1161 951
1162 1785
1162 2211
1163 1849
1163 778
1164 1149
1164 567
1165 108
1165 1835
1166 1400
1166 2519
1167 643
1167 1819
1168 2621
1168 857
1169 2359
1169 1632
1170 2031
1170 404
1171 175
1171 1529
1172 702
1172 434
1173 1345
1173 202
1174 88
1174 851
1175 208
1175 229
1176 877
1176 295
1177 295
1177 1940
1178 1529
1178 1266
1179 1917
1179 807
1180 1304
1180 656
1181 1839
1181 1340
1182 720
1182 472
1183 904
1183 2271
1184 2613
1184 671
1185 985
1185 1999
1186 1221
1186 2613
1187 1188
1187 730
1188 2195
1188 1340
1189 2495
1189 2613
1190 2485
1190 419
1191 1327
1191 2241
1192 1846
1192 1985
1193 1490
1193 314
1194 1257
1194 2248
1195 242
1195 1058
1196 1774
1196 943
1197 328
1197 2084
1198 1027
1198 679
1199 1640
1199 1716
1200 2207
1200 2414
1201 261
1201 2215
1202 2400
1202 247
1203 277
1203 2177
1204 686
1204 229
1205 758
1205 1763
1206 2679
1206 148
1207 433
1207 1592
1208 2292
1208 187
1209 2618
1209 64
1210 19
1210 1648
1211 507
1211 253
1212 2638
1212 755
1213 2486
1213 2513
1214 867
1214 73
1215 1235
1215 1015
1216 246
1216 2515
1217 229
1217 1095
1218 738
1218 405
1219 2401
1219 2291
1220 1838
1220 98
1221 1015
1221 352
1222 2177
1222 925
1223 327
1223 336
1224 973
1224 1013
1225 1084
1225 2579
1226 646
1226 1955
1227 1269
1227 647
1228 384
1228 717
1229 867
1229 1506
1230 1812
1230 1342
1231 1826
1231 222
1232 2595
1232 2152
1233 556
1233 1735
1234 1522
1234 2239
1235 870
1235 2213
1236 99
1236 2604
1237 1543
1237 1122
1238 1744
1238 919
1239 1965
1239 1617
1240 1968
1240 2193
1241 2140
1241 1554
1242 1807
1242 1101
1243 558
1243 1499
1244 1131
1244 2298
1245 109
1245 655
1246 224
1246 1090
1247 1679
1247 2703
1248 1591
1248 2613
1249 2132
1249 1985
1250 1150
1250 919
1251 505
1251 18
1252 2177
1252 656
1253 139
1253 18
1254 2468
1254 1308
1255 1010
1255 2648
1256 2623
1256 1091
1257 378
1257 198
1258 1770
1258 656
1259 2215
1259 1668
1260 2250
1260 283
1261 2473
1261 385
1262 189
1262 1509
1263 2627
1263 1687
1264 443
1264 248
1265 1968
1265 1465
1266 1143
1266 1178
1267 765
1267 2173
1268 2178
1268 266
1269 1630
1269 541
1270 995
1270 2102
1271 1093
1271 15
1272 974
1272 1815
1273 1278
1273 487
1274 679
1274 1759
1275 514
1275 55
1276 2621
1276 371
1277 737
1277 261
1278 2306
1278 1062
1279 975
1279 2199
1280 2612
1280 1516
1281 562
1281 296
1282 1837
1282 919
1283 52
1283 610
1284 1744
1284 919
1285 175
1285 414
1286 2234
1286 2579
1287 1520
1287 762
1288 164
1288 1526
1289 54
1289 656
1290 509
1290 2258
1291 18
1291 1640
1292 2220
1292 2221
1293 490
1293 656
1294 2691
1294 1541
1295 1149
1295 2540
1296 1978
1296 707
1297 2430
1297 143
1298 2688
1298 811
1299 2623
1299 1728
1300 2664
1300 2508
1301 1619
1301 1708
1302 736
1302 1006
1303 1200
1303 2359
1304 1983
1304 834
1305 1734
1305 562
1306 111
1306 919
1307 529
1307 804
1308 489
1308 242
1309 2199
1309 1489
1310 2573
1310 2692
1311 2108
1311 594
1312 2510
1312 2050
1313 1910
1313 1956
1314 1537
1314 2271
1315 17
1315 927
1316 2139
1316 2140
1317 534
1317 883
1318 2662
1318 29
1319 210
1319 1536
1320 1522
1320 2239
1321 1000
1321 1215
1322 195
1322 2193
1323 2687
1323 182
1324 2425
1324 514
1325 1217
1325 1175
1326 1996
1326 2063
1327 1328
1327 2161
1328 1327
1328 2161
1329 409
1329 78
1330 2196
1330 2068
1331 1445
1331 1665
1332 1837
1332 1340
1333 1975
1333 2423
1334 1576
1334 395
1335 1651
1335 1779
1336 2034
1336 224
1337 318
1337 563
1338 995
1338 2103
1339 1718
1339 1753
1340 1837
1340 1839
1341 630
1341 868
1342 1930
1342 1436
1343 2436
1343 2316
1344 25
1344 2475
1345 1173
1345 202
1346 155
1346 1670
1347 1997
1347 2410
1348 705
1348 1095
1349 2473
1349 2400
1350 1094
1350 761
1351 1897
1351 1687
1352 2544
1352 1918
1353 1555
1353 363
1354 811
1354 2282
1355 987
1355 2398
1356 2140
1356 17
1357 1735
1357 749
1358 1000
1358 1149
1359 1464
1359 2453
1360 1958
1360 1314
1361 1712
1361 2234
1362 42
1362 1372
1363 872
1363 1413
1364 2260
1364 40
1365 182
1365 695
1366 1643
1366 2248
1367 1361
1367 2028
1368 2485
1368 2553
1369 736
1369 1653
1370 1917
1370 1525
1371 117
1371 1998
1372 1900
1372 1362
1373 1149
1373 110
1374 210
1374 1602
1375 646
1375 2358
1376 656
1376 1139
1377 2177
1377 1070
1378 256
1378 672
1379 1380
1379 2473
1380 1812
1380 2564
1381 1426
1381 1360
1382 1348
1382 1993
1383 1067
1383 1037
1384 2522
1384 1746
1385 1097
1385 2662
1386 686
1386 985
1387 712
1387 2428
1388 1631
1388 2197
1389 341
1389 881
1390 2681
1390 2683
1391 80
1391 2277
1392 2517
1392 2084
1393 1354
1393 2218
1394 1675
1394 1592
1395 1072
1395 2408
1396 1421
1396 2396
1397 527
1397 347
1398 1067
1398 427
1399 441
1399 2228
1400 1598
1400 2540
1401 1972
1401 1087
1402 2608
1402 2422
1403 2516
1403 525
1404 2050
1404 259
1405 1053
1405 229
1406 804
1406 1534
1407 610
1407 931
1408 935
1408 1409
1409 935
1409 1408
1410 1934
1410 2384
1411 548
1411 252
1412 969
1412 905
1413 1363
1413 1607
1414 1100
1414 370
1415 392
1415 265
1416 656
1416 667
1417 2260
1417 529
1418 619
1418 78
1419 2301
1419 224
1420 2394
1420 1421
1421 2396
1421 1396
1422 2268
1422 2335
1423 337
1423 192
1424 1420
1424 1705
1425 2259
1425 2262
1426 1598
1426 985
1427 1712
1427 227
1428 804
1428 2645
1429 804
1429 1149
1430 1888
1430 2654
1431 1659
1431 1739
1432 2605
1432 1605
1433 2514
1433 1243
1434 1256
1434 2623
1435 1163
1435 339
1436 1812
1436 1342
1437 378
1437 1688
1438 417
1438 1340
1439 2411
1439 656
1440 2430
1440 232
1441 1373
1441 2275
1442 244
1442 109
1443 222
1443 258
1444 654
1444 2662
1445 1446
1445 681
1446 681
1446 1445
1447 2317
1447 2475
1448 1670
1448 698
1449 2681
1449 1390
1450 833
1450 2595
1451 194
1451 2564
1452 1143
1452 2259
1453 1968
1453 2193
1454 29
1454 2382
1455 2564
1455 70
1456 1987
1456 2459
1457 351
1457 26
1458 1091
1458 2176
1459 1828
1459 1782
1460 1854
1460 2349
1461 870
1461 1235
1462 546
1462 2125
1463 2016
1463 2425
1464 56
1464 181
1465 1968
1465 2193
1466 296
1466 358
1467 52
1467 2172
1468 443
1468 1923
1469 2346
1469 2349
1470 2428
1470 1478
1471 1763
1471 1629
1472 240
1472 1692
1473 2359
1473 352
1474 1419
1474 718
1475 614
1475 2470
1476 539
1476 2177
1477 1134
1477 1941
1478 2428
1478 1470
1479 836
1479 2519
1480 919
1480 686
1481 2259
1481 255
1482 122
1482 2224
1483 176
1483 704
1484 228
1484 2498
1485 2177
1485 1930
1486 359
1486 2680
1487 1914
1487 1592
1488 1799
1488 126
1489 111
1489 919
1490 1193
1490 135
1491 1135
1491 821
1492 1466
1492 919
1493 1669
1493 1208
1494 1105
1494 2670
1495 1915
1495 950
1496 563
1496 974
1497 45
1497 1641
1498 2025
1498 2590
1499 1243
1499 1627
1500 2185
1500 1133
1501 630
1501 288
1502 1000
1502 2315
1503 2540
1503 2243
1504 2158
1504 898
1505 2081
1505 2505
1506 1749
1506 1229
1507 446
1507 903
1508 770
1508 2118
1509 494
1509 1262
1510 2645
1510 2400
1511 147
1511 2108
1512 441
1512 2177
1513 313
1513 2359
1514 680
1514 240
1515 1326
1515 208
1516 2612
1516 1280
1517 2433
1517 1204
1518 2262
1518 2352
1519 2692
1519 656
1520 1752
1520 1718
1521 2234
1521 586
1522 2239
1522 2291
1523 2449
1523 415
1524 2200
1524 1693
1525 1370
1525 2422
1526 1981
1526 2099
1527 2295
1527 1070
1528 1367
1528 494
1529 1673
1529 1178
1530 2557
1530 0
1531 82
1531 443
1532 1366
1532 2651
1533 2678
1533 2672
1534 29
1534 1406
1535 2114
1535 811
1536 740
1536 1319
1537 1314
1537 935
1538 1537
1538 1133
1539 1652
1539 1640
1540 2054
1540 702
1541 2540
1541 1294
1542 1413
1542 1607
1543 2230
1543 612
1544 2058
1544 2150
1545 2298
1545 1522
1546 1798
1546 1802
1547 1802
1547 1798
1548 1369
1548 1812
1549 1901
1549 2286
1550 919
1550 1565
1551 2079
1551 2026
1552 1204
1552 109
1553 370
1553 1828
1554 1636
1554 1241
1555 1353
1555 2363
1556 792
1556 2624
1557 1685
1557 2584
1558 360
1558 1617
1559 243
1559 2538
1560 2545
1560 505
1561 1657
1561 21
1562 1612
1562 919
1563 1091
1563 2633
1564 2193
1564 180
1565 277
1565 2177
1566 905
1566 1895
1567 2372
1567 1996
1568 919
1568 905
1569 1264
1569 275
1570 966
1570 696
1571 1837
1571 1779
1572 2330
1572 2078
1573 316
1573 343
1574 2498
1574 1066
1575 2029
1575 1076
1576 656
1576 2234
1577 765
1577 1666
1578 62
1578 1301
1579 904
1579 559
1580 975
1580 544
1581 2634
1581 1445
1582 2698
1582 1595
1583 1587
1583 2025
1584 1804
1584 1656
1585 963
1585 884
1586 687
1586 1033
1587 2017
1587 242
1588 1139
1588 315
1589 1506
1589 931
1590 1413
1590 2347
1591 1248
1591 2541
1592 1675
1592 1487
1593 2622
1593 23
1594 1848
1594 2295
1595 1582
1595 281
1596 1718
1596 686
1597 619
1597 1965
1598 1400
1598 1090
1599 1968
1599 290
1600 1003
1600 187
1601 2389
1601 501
1602 2072
1602 61
1603 2186
1603 506
1604 1748
1604 686
1605 2605
1605 1432
1606 819
1606 364
1607 1413
1607 1542
1608 2500
1608 2489
1609 1973
1609 815
1610 2557
1610 565
1611 934
1611 2489
1612 1727
1612 34
1613 1356
1613 2053
1614 2315
1614 536
1615 2381
1615 2406
1616 2461
1616 734
1617 2100
1617 2174
1618 638
1618 2259
1619 219
1619 1301
1620 2450
1620 1743
1621 2680
1621 1818
1622 2132
1622 1249
1623 784
1623 2272
1624 910
1624 121
1625 1602
1625 1729
1626 1906
1626 210
1627 1499
1627 2175
1628 95
1628 525
1629 1659
1629 1471
1630 2621
1630 1269
1631 2196
1631 2408
1632 364
1632 1169
1633 1605
1633 411
1634 2564
1634 1451
1635 2382
1635 559
1636 2141
1636 1554
1637 1036
1637 1235
1638 1839
1638 831
1639 2682
1639 378
1640 1204
1640 1779
1641 2036
1641 1497
1642 2657
1642 439
1643 348
1643 1257
1644 1552
1644 1843
1645 1343
1645 2316
1646 1489
1646 919
1647 1144
1647 1327
1648 1779
1648 2705
1649 2355
1649 2262
1650 1113
1650 971
1651 1335
1651 2598
1652 2276
1652 1979
1653 43
1653 1369
1654 386
1654 1986
1655 1900
1655 1372
1656 1571
1656 1584
1657 21
1657 1561
1658 277
1658 2177
1659 1629
1659 919
1660 1072
1660 2177
1661 2312
1661 763
1662 182
1662 2398
1663 2129
1663 2127
1664 2146
1664 2258
1665 2655
1665 1331
1666 336
1666 1577
1667 1969
1667 438
1668 1145
1668 748
1669 1336
1669 1892
1670 1448
1670 1346
1671 1134
1671 2459
1672 2059
1672 186
1673 1529
1673 1489
1674 2638
1674 2391
1675 1592
1675 1074
1676 1256
1676 543
1677 1489
1677 2361
1678 2359
1678 2259
1679 729
1679 1247
1680 1340
1680 656
1681 2359
1681 155
1682 10
1682 2259
1683 730
1683 2177
1684 1664
1684 1807
1685 2083
1685 1557
1686 2671
1686 726
1687 1217
1687 363
1688 1639
1688 1437
1689 1973
1689 299
1690 1897
1690 709
1691 1095
1691 700
1692 756
1692 240
1693 2408
1693 2202
1694 2
1694 1546
1695 2502
1695 441
1696 45
1696 2490
1697 2253
1697 1462
1698 991
1698 2622
1699 1837
1699 556
1700 1453
1700 2082
1701 1540
1701 149
1702 62
1702 2473
1703 543
1703 2623
1704 155
1704 435
1705 124
1705 656
1706 1516
1706 1280
1707 47
1707 1904
1708 1949
1708 1301
1709 1939
1709 1988
1710 889
1710 1249
1711 919
1711 1750
1712 1361
1712 1749
1713 2384
1713 93
1714 1021
1714 2029
1715 1612
1715 328
1716 747
1716 657
1717 1746
1717 536
1718 1281
1718 562
1719 1040
1719 1720
1720 1719
1720 1040
1721 111
1721 919
1722 1770
1722 1499
1723 1724
1723 182
1724 105
1724 1723
1725 900
1725 1340
1726 2168
1726 2584
1727 919
1727 1687
1728 2577
1728 222
1729 894
1729 1625
1730 758
1730 2365
1731 820
1731 764
1732 880
1732 1483
1733 831
1733 1011
1734 562
1734 1358
1735 1617
1735 2112
1736 1763
1736 156
1737 68
1737 156
1738 919
1738 466
1739 1727
1739 188
1740 2451
1740 941
1741 74
1741 737
1742 174
1742 1749
1743 389
1743 1620
1744 1238
1744 919
1745 2111
1745 1998
1746 2365
1746 1718
1747 1744
1747 919
1748 2450
1748 1604
1749 1506
1749 1712
1750 1150
1750 919
1751 558
1751 337
1752 2365
1752 246
1753 1718
1753 1339
1754 1238
1754 919
1755 1134
1755 919
1756 2642
1756 364
1757 1762
1757 919
1758 1492
1758 464
1759 919
1759 2052
1760 1934
1760 523
1761 1483
1761 919
1762 2168
1762 684
1763 156
1763 1736
1764 1030
1764 720
1765 919
1765 2507
1766 466
1766 919
1767 2408
1767 1783
1768 1217
1768 1723
1769 1791
1769 1787
1770 1779
1770 660
1771 426
1771 176
1772 1775
1772 2300
1773 406
1773 660
1774 1196
1774 943
1775 1772
1775 109
1776 1412
1776 2591
1777 2081
1777 2095
1778 1204
1778 302
1779 2080
1779 1335
1780 153
1780 660
1781 1640
1781 1779
1782 1459
1782 149
1783 964
1783 1767
1784 426
1784 328
1785 2211
1785 878
1786 1774
1786 426
1787 2377
1787 2175
1788 571
1788 1699
1789 1773
1789 864
1790 1139
1790 155
1791 1769
1791 153
1792 2315
1792 500
1793 559
1793 1849
1794 1507
1794 1785
1795 798
1795 2289
1796 2428
1796 2299
1797 406
1797 1772
1798 417
1798 1802
1799 2605
1799 2609
1800 773
1800 711
1801 2177
1801 1552
1802 958
1802 1798
1803 454
1803 77
1804 2452
1804 1584
1805 1775
1805 109
1806 1968
1806 1301
1807 1348
1807 1684
1808 1121
1808 327
1809 1121
1809 167
1810 2272
1810 2262
1811 327
1811 1822
1812 1380
1812 2550
1813 2305
1813 706
1814 2533
1814 2027
1815 1272
1815 892
1816 656
1816 603
1817 2283
1817 2004
1818 1621
1818 1062
1819 1121
1819 2625
1820 1206
1820 45
1821 2004
1821 2597
1822 2079
1822 1811
1823 2473
1823 1126
1824 1190
1824 360
1825 2327
1825 1312
1826 2155
1826 1231
1827 2564
1827 2497
1828 541
1828 1902
1829 1625
1829 2638
1830 1706
1830 2652
1831 727
1831 914
1832 2440
1832 52
1833 889
1833 800
1834 2083
1834 2093
1835 2161
1835 1504
1836 92
1836 123
1837 236
1837 1340
1838 2272
1838 1220
1839 52
1839 1340
1840 1120
1840 1844
1841 1843
1841 839
1842 1902
1842 1340
1843 1841
1843 1644
1844 836
1844 2276
1845 894
1845 79
1846 1192
1846 2707
1847 748
1847 1174
1848 2419
1848 1594
1849 1163
1849 2614
1850 162
1850 2274
1851 777
1851 1013
1852 699
1852 2359
1853 1000
1853 1015
1854 568
1854 656
1855 2282
1855 2191
1856 941
1856 2252
1857 486
1857 2546
1858 2140
1858 2093
1859 2139
1859 182
1860 1497
1860 2359
1861 1175
1861 2296
1862 633
1862 1132
1863 229
1863 182
1864 894
1864 352
1865 894
1865 2043
1866 433
1866 633
1867 380
1867 1846
1868 1297
1868 1875
1869 1372
1869 507
1870 1066
1870 1986
1871 149
1871 41
1872 1192
1872 1171
1873 959
1873 2359
1874 327
1874 1347
1875 316
1875 1868
1876 1272
1876 182
1877 784
1877 2177
1878 2050
1878 2256
1879 1658
1879 2177
1880 259
1880 750
1881 222
1881 1958
1882 2315
1882 320
1883 2632
1883 1904
1884 1549
1884 1885
1885 667
1885 1884
1886 1524
1886 764
1887 261
1887 1888
1888 1
1888 1887
1889 2034
1889 691
1890 560
1890 429
1891 1517
1891 691
1892 1517
1892 1669
1893 49
1893 2600
1894 926
1894 2155
1895 2071
1895 1566
1896 1881
1896 1904
1897 1690
1897 709
1898 1072
1898 2177
1899 36
1899 233
1900 1372
1900 891
1901 1549
1901 676
1902 541
1902 1828
1903 2592
1903 793
1904 1707
1904 541
1905 277
1905 2177
1906 1626
1906 38
1907 2665
1907 769
1908 1884
1908 1489
1909 749
1909 522
1910 1340
1910 707
1911 2288
1911 324
1912 2046
1912 743
1913 794
1913 1444
1914 539
1914 2177
1915 1495
1915 2705
1916 2202
1916 499
1917 1370
1917 1079
1918 506
1918 2186
1919 656
1919 778
1920 1628
1920 2310
1921 1340
1921 1364
1922 1988
1922 396
1923 443
1923 1468
1924 2605
1924 1927
1925 1526
1925 882
1926 685
1926 2177
1927 1943
1927 1924
1928 1347
1928 2656
1929 765
1929 1850
1930 2177
1930 1485
1931 1554
1931 17
1932 402
1932 251
1933 251
1933 812
1934 2425
1934 2201
1935 872
1935 295
1936 402
1936 1363
1937 636
1937 1938
1938 2551
1938 1937
1939 1176
1939 338
1940 776
1940 1177
1941 295
1941 2508
1942 2199
1942 1934
1943 1934
1943 1927
1944 1272
1944 1950
1945 1134
1945 2626
1946 1221
1946 352
1947 1950
1947 1944
1948 892
1948 1815
1949 1708
1949 1301
1950 352
1950 1944
1951 1952
1951 2204
1952 1951
1952 2204
1953 2621
1953 1122
1954 388
1954 1128
1955 646
1955 1226
1956 2029
1956 2031
1957 1340
1957 590
1958 1881
1958 2528
1959 282
1959 646
1960 647
1960 2428
1961 749
1961 941
1962 2363
1962 1022
1963 1022
1963 1962
1964 2473
1964 2400
1965 369
1965 1597
1966 443
1966 362
1967 755
1967 2623
1968 1453
1968 2193
1969 1667
1969 2238
1970 2473
1970 1702
1971 1569
1971 275
1972 2177
1972 1043
1973 1584
1973 31
1974 31
1974 2323
1975 1495
1975 1333
1976 32
1976 518
1977 355
1977 1178
1978 1538
1978 1470
1979 1652
1979 1058
1980 2177
1980 1997
1981 718
1981 1526
1982 947
1982 878
1983 2272
1983 1304
1984 1987
1984 2115
1985 2175
1985 2291
1986 997
1986 1870
1987 952
1987 775
1988 1802
1988 396
1989 1565
1989 358
1990 2372
1990 700
1991 149
1991 151
1992 1999
1992 1469
1993 700
1993 2372
1994 182
1994 2706
1995 1127
1995 366
1996 1567
1996 1000
1997 120
1997 2410
1998 1283
1998 610
1999 2359
1999 1185
2000 2359
2000 2605
2001 239
2001 2002
2002 2359
2002 2001
2003 272
2003 2177
2004 27
2004 2550
2005 2436
2005 944
2006 518
2006 2163
2007 1818
2007 2359
2008 1164
2008 1295
2009 2272
2009 454
2010 161
2010 446
2011 1176
2011 2359
2012 398
2012 322
2013 2228
2013 327
2014 1673
2014 1489
2015 1268
2015 966
2016 502
2016 1019
2017 490
2017 737
2018 802
2018 2284
2019 1013
2019 2025
2020 2400
2020 2261
2021 717
2021 1139
2022 1897
2022 2177
2023 414
2023 2350
2024 838
2024 651
2025 1583
2025 1110
2026 2359
2026 1551
2027 2177
2027 1058
2028 145
2028 1367
2029 265
2029 2031
2030 446
2030 1975
2031 870
2031 2029
2032 2064
2032 182
2033 288
2033 788
2034 1336
2034 691
2035 2205
2035 1031
2036 2276
2036 417
2037 158
2037 705
2038 293
2038 362
2039 1944
2039 2588
2040 1514
2040 240
2041 2473
2041 2623
2042 2034
2042 691
2043 2260
2043 2400
2044 1877
2044 1297
2045 2175
2045 2605
2046 2328
2046 153
2047 1523
2047 728
2048 1802
2048 2613
2049 667
2049 347
2050 709
2050 694
2051 3
2051 441
2052 1042
2052 1027
2053 1315
2053 1083
2054 347
2054 80
2055 1680
2055 702
2056 2196
2056 100
2057 52
2057 734
2058 1544
2058 299
2059 489
2059 1672
2060 2621
2060 2436
2061 739
2061 2031
2062 2286
2062 701
2063 1996
2063 1326
2064 1326
2064 327
2065 918
2065 1340
2066 1331
2066 2687
2067 1340
2067 918
2068 1126
2068 1330
2069 702
2069 2070
2070 702
2070 2069
2071 737
2071 1895
2072 656
2072 1602
2073 1659
2073 1176
2074 485
2074 839
2075 1943
2075 2668
2076 486
2076 1020
2077 1143
2077 2181
2078 138
2078 1572
2079 1997
2079 1551
2080 2089
2080 1779
2081 103
2081 426
2082 870
2082 1235
2083 176
2083 1685
2084 409
2084 103
2085 2081
2085 426
2086 1253
2086 484
2087 452
2087 2046
2088 815
2088 6
2089 2080
2089 6
2090 610
2090 1787
2091 673
2091 2004
2092 155
2092 556
2093 1015
2093 1215
2094 729
2094 2491
2095 137
2095 2144
2096 401
2096 1782
2097 2320
2097 1136
2098 1392
2098 2428
2099 2213
2099 1235
2100 2101
2100 822
2101 822
2101 2100
2102 995
2102 1338
2102 2103
2103 995
2103 1338
2104 2402
2104 11
2105 656
2105 372
2106 542
2106 1505
2107 2177
2107 1283
2108 147
2108 1511
2109 524
2109 1421
2110 779
2110 524
2111 1214
2111 1745
2112 1343
2112 541
2113 704
2113 1483
2114 1968
2114 1535
2115 2596
2115 1377
2116 151
2116 1058
2117 1862
2117 386
2118 1508
2118 770
2119 1773
2119 2559
2120 719
2120 2637
2121 2001
2121 789
2122 2001
2122 2002
2123 804
2123 330
2124 1663
2124 2126
2125 546
2125 1119
2126 1119
2126 2124
2127 546
2127 1663
2128 2234
2128 2618
2129 2127
2129 1663
2130 1135
2130 2249
2131 459
2131 2427
2132 1622
2132 1249
2133 81
2133 347
2134 921
2134 772
2135 1914
2135 454
2136 2170
2136 2384
2137 2423
2137 2177
2138 645
2138 673
2139 2141
2139 24
2140 1316
2140 1241
2141 2430
2141 2139
2142 2139
2142 2141
2143 382
2143 1785
2144 2095
2144 137
2145 134
2145 2598
2146 1664
2146 273
2147 607
2147 462
2148 2551
2148 2146
2149 178
2149 2551
2150 971
2150 1544
2151 1145
2151 2326
2152 182
2152 2036
2153 749
2153 737
2154 821
2154 242
2155 2195
2155 441
2156 2396
2156 753
2157 108
2157 144
2158 1236
2158 1504
2159 1866
2159 23
2160 1327
2160 501
2161 1327
2161 1328
2162 1551
2162 1628
2163 2006
2163 1924
2164 1362
2164 491
2165 2177
2165 2155
2166 72
2166 697
2167 656
2167 2174
2168 2359
2168 687
2169 1888
2169 1887
2170 2136
2170 2384
2171 1975
2171 2156
2172 1467
2172 2404
2173 2428
2173 2174
2174 2173
2174 891
2175 1787
2175 1985
2176 1091
2176 1458
2177 1072
2177 277
2178 1058
2178 1115
2179 2524
2179 1137
2180 525
2180 423
2181 406
2181 2590
2182 1139
2182 2579
2183 1464
2183 106
2184 1500
2184 2185
2185 1500
2185 1133
2186 1918
2186 506
2187 1129
2187 887
2188 2387
2188 656
2189 336
2189 489
2190 117
2190 2050
2191 1662
2191 1855
2192 144
2192 898
2193 1453
2193 1968
2194 210
2194 93
2195 1333
2195 2155
2196 1631
2196 1117
2197 964
2197 1388
2198 257
2198 2408
2199 975
2199 1279
2200 1916
2200 631
2201 1934
2201 2433
2202 1693
2202 736
2203 6
2203 2200
2204 1952
2204 1951
2205 182
2205 1031
2206 443
2206 1966
2207 979
2207 2244
2208 903
2208 484
2209 1175
2209 208
2210 1779
2210 406
2211 562
2211 919
2212 1159
2212 2216
2213 1719
2213 1235
2214 2359
2214 1615
2215 182
2215 1201
2216 311
2216 2212
2217 1163
2217 175
2218 2177
2218 1117
2219 485
2219 839
2220 2221
2220 1292
2221 2220
2221 1292
2222 2400
2222 2124
2223 892
2223 4
2224 1147
2224 2132
2225 848
2225 667
2226 817
2226 767
2227 149
2227 1489
2228 1675
2228 1399
2229 601
2229 2605
2230 1543
2230 938
2231 865
2231 1869
2232 525
2232 315
2233 1192
2233 1300
2234 395
2234 656
2235 867
2235 2234
2236 538
2236 2237
2237 2335
2237 2236
2238 2236
2238 1969
2239 381
2239 2646
2240 152
2240 2399
2241 2359
2241 2609
2242 182
2242 200
2243 2244
2243 1503
2244 2243
2244 2207
2245 1347
2245 1200
2246 1086
2246 987
2247 1000
2247 2006
2248 381
2248 198
2249 1135
2249 2130
2250 283
2250 1260
2251 2429
2251 2252
2252 2251
2252 589
2253 1944
2253 1697
2254 54
2254 2428
2255 2291
2255 225
2256 451
2256 1878
2257 1126
2257 2495
2258 1664
2258 1290
2259 1015
2259 2400
2260 1364
2260 529
2261 2020
2261 787
2262 1425
2262 2544
2263 2356
2263 543
2264 1444
2264 2549
2265 446
2265 2690
2266 483
2266 489
2267 2072
2267 2600
2268 2680
2268 2301
2269 676
2269 647
2270 857
2270 370
2271 559
2271 1314
2272 656
2272 441
2273 1235
2273 870
2274 1523
2274 1850
2275 1441
2275 1128
2276 1058
2276 1844
2277 965
2277 1391
2278 2555
2278 1014
2279 2509
2279 2519
2280 377
2280 838
2281 1645
2281 210
2282 2519
2282 656
2283 2372
2283 329
2284 2177
2284 1283
2285 821
2285 1500
2286 2062
2286 1549
2287 1725
2287 610
2288 1911
2288 728
2289 623
2289 2496
2290 462
2290 792
2291 1985
2291 2473
2292 2063
2292 2336
2293 1330
2293 2272
2294 2400
2294 2662
2295 737
2295 497
2296 1134
2296 1945
2297 2234
2297 747
2298 2001
2298 1244
2299 2082
2299 1796
2300 2429
2300 655
2301 224
2301 1997
2302 714
2302 2540
2303 435
2303 2123
2304 2204
2304 656
2305 1621
2305 2552
2306 148
2306 450
2307 2656
2307 1812
2308 182
2308 926
2309 1938
2309 1673
2310 2542
2310 548
2311 2220
2311 1680
2312 1915
2312 2404
2313 1762
2313 1067
2314 2136
2314 1259
2315 1502
2315 352
2316 1645
2316 1343
2317 2475
2317 1344
2318 1769
2318 2408
2319 1624
2319 1459
2320 196
2320 1273
2321 656
2321 1602
2322 1948
2322 841
2323 870
2323 1235
2324 1776
2324 2591
2325 1143
2325 1244
2326 1337
2326 1904
2327 660
2327 104
2328 1015
2328 1215
2329 2504
2329 2331
2330 184
2330 2186
2331 1779
2331 2329
2332 295
2332 1363
2333 475
2333 1047
2334 1506
2334 1712
2335 1481
2335 2237
2336 2292
2336 2524
2337 1536
2337 1340
2338 2568
2338 1883
2339 149
2339 2340
2340 2359
2340 2339
2341 1626
2341 780
2342 1118
2342 498
2343 2259
2343 878
2344 2112
2344 510
2345 533
2345 192
2346 698
2346 1469
2347 2416
2347 544
2348 574
2348 503
2349 2358
2349 1469
2350 2023
2350 224
2351 1176
2351 1205
2352 2354
2352 2666
2353 1063
2353 1129
2354 2526
2354 2352
2355 2263
2355 1649
2356 2263
2356 675
2357 715
2357 2380
2358 2349
2358 1375
2359 700
2359 683
2360 2163
2360 1924
2361 1677
2361 1066
2362 29
2362 1307
2363 840
2363 1555
2364 1159
2364 1997
2365 1238
2365 919
2366 53
2366 391
2367 1147
2367 640
2368 2369
2368 2370
2369 2368
2369 2370
2370 2369
2370 2368
2371 1090
2371 1271
2372 2359
2372 700
2373 2177
2373 1666
2374 1930
2374 559
2375 2029
2375 1956
2376 911
2376 922
2377 2257
2377 1787
2378 2123
2378 893
2379 2335
2379 2662
2380 2357
2380 984
2381 2139
2381 1615
2382 1454
2382 2001
2383 2529
2383 344
2384 2170
2384 2136
2385 1121
2385 2004
2386 529
2386 1429
2387 588
2387 410
2388 575
2388 728
2389 501
2389 2392
2390 355
2390 489
2391 1674
2391 489
2392 501
2392 2389
2393 477
2393 2248
2394 116
2394 2396
2395 1072
2395 2177
2396 2394
2396 1396
2397 1844
2397 1058
2398 2207
2398 1662
2399 152
2399 2240
2400 1015
2400 2662
2401 788
2401 1219
2402 760
2402 2104
2403 1149
2403 327
2404 656
2404 2172
2405 2241
2405 238
2406 48
2406 1615
2407 643
2407 573
2408 1117
2408 1631
2409 2420
2409 1729
2410 1347
2410 1997
2411 836
2411 200
2412 1997
2412 200
2413 299
2413 2148
2414 1997
2414 2207
2415 2618
2415 1076
2416 2347
2416 1971
2417 1379
2417 1320
2418 619
2418 2129
2419 847
2419 1848
2420 2562
2420 1019
2421 796
2421 83
2422 1402
2422 1525
2423 1333
2423 77
2424 868
2424 195
2425 1803
2425 288
2426 1235
2426 2589
2427 873
2427 2131
2428 54
2428 680
2429 2251
2429 2300
2430 2141
2430 143
2431 2473
2431 2432
2432 369
2432 2431
2433 1517
2433 2201
2434 1535
2434 805
2435 1190
2435 963
2436 766
2436 1343
2437 168
2437 167
2438 168
2438 2437
2439 1904
2439 871
2440 222
2440 1832
2441 1155
2441 1980
2442 2151
2442 9
2443 615
2443 702
2444 2452
2444 2445
2445 534
2445 2444
2446 1340
2446 1712
2447 1067
2447 1383
2448 2071
2448 609
2449 2177
2449 1523
2450 1238
2450 919
2451 2581
2451 1740
2452 501
2452 1804
2453 539
2453 1163
2454 99
2454 123
2455 395
2455 193
2456 2546
2456 391
2457 499
2457 1362
2458 656
2458 499
2459 2372
2459 985
2460 562
2460 567
2461 1914
2461 106
2462 1007
2462 745
2463 2497
2463 340
2464 828
2464 2289
2465 2490
2465 354
2466 1038
2466 59
2467 1436
2467 1984
2468 2382
2468 1254
2469 1242
2469 373
2470 614
2470 1475
2471 383
2471 2306
2472 562
2472 1890
2473 1261
2473 2291
2474 2648
2474 2623
2475 25
2475 1344
2476 1746
2476 632
2477 2597
2477 1747
2478 660
2478 153
2479 633
2479 2690
2480 2101
2480 2135
2481 1136
2481 610
2482 1534
2482 168
2483 705
2483 385
2484 1708
2484 62
2485 1190
2485 419
2486 846
2486 2513
2487 508
2487 1204
2488 1289
2488 2177
2489 1611
2489 1608
2490 1696
2490 1397
2491 452
2491 821
2492 358
2492 301
2493 900
2493 1175
2494 1432
2494 1605
2495 1126
2495 2613
2496 2547
2496 2289
2497 1827
2497 2510
2498 565
2498 1574
2499 1916
2499 2502
2500 143
2500 1608
2501 313
2501 1019
2502 1695
2502 2499
2503 1155
2503 1038
2504 2460
2504 2329
2505 2144
2505 137
2506 2233
2506 541
2507 353
2507 919
2508 1941
2508 1300
2509 1026
2509 948
2510 911
2510 2497
2511 1699
2511 2203
2512 919
2512 569
2513 1095
2513 2486
2514 919
2514 1754
2515 1752
2515 1754
2516 2255
2516 153
2517 2177
2517 2649
2518 726
2518 688
2519 952
2519 1479
2520 2234
2520 395
2521 1791
2521 1554
2522 2272
2522 1252
2523 1722
2523 425
2524 1474
2524 2336
2525 1744
2525 919
2526 585
2526 560
2527 854
2527 249
2528 393
2528 1958
2529 2383
2529 959
2530 427
2530 403
2531 1598
2531 2613
2532 1918
2532 1340
2533 630
2533 868
2534 1066
2534 1256
2535 2534
2535 222
2536 352
2536 2400
2537 747
2537 117
2538 2336
2538 450
2539 237
2539 2540
2540 1990
2540 2539
2541 2540
2541 536
2542 2218
2542 1251
2543 679
2543 2232
2544 2259
2544 2262
2545 709
2545 1897
2546 1857
2546 2627
2547 2496
2547 515
2548 2496
2548 2547
2549 782
2549 2264
2550 531
2550 1812
2551 269
2551 846
2552 1231
2552 2305
2553 656
2553 1368
2554 1574
2554 1280
2555 2278
2555 1957
2556 524
2556 2168
2557 565
2557 1610
2558 1629
2558 2685
2559 1993
2559 1514
2560 686
2560 1114
2561 320
2561 1062
2562 891
2562 1900
2563 2239
2563 2291
2564 1068
2564 1451
2565 2567
2565 1348
2566 2108
2566 953
2567 2675
2567 953
2568 638
2568 327
2569 1319
2569 477
2570 1551
2570 1658
2571 886
2571 1053
2572 359
2572 836
2573 2692
2573 1310
2574 299
2574 2531
2575 50
2575 1008
2576 2404
2576 1139
2577 222
2577 1728
2578 656
2578 2177
2579 1225
2579 2182
2580 186
2580 27
2581 1638
2581 2352
2582 2531
2582 1155
2583 2292
2583 2494
2584 1557
2584 2168
2585 1149
2585 687
2586 1066
2586 4
2587 29
2587 91
2588 182
2588 2039
2589 192
2589 2426
2590 1498
2590 2181
2591 2324
2591 1776
2592 419
2592 1828
2593 261
2593 2541
2594 1050
2594 2291
2595 2174
2595 1450
2596 2627
2596 2115
2597 536
2597 1821
2598 2177
2598 656
2599 2577
2599 322
2600 662
2600 1893
2601 658
2601 2254
2602 2586
2602 1066
2603 1340
2603 2405
2604 99
2604 123
2605 948
2605 1015
2606 877
2606 395
2607 2489
2607 1517
2608 1277
2608 427
2609 1799
2609 2241
2610 2368
2610 1508
2611 743
2611 1268
2612 1280
2612 1516
2613 2372
2613 700
2614 96
2614 1849
2615 656
2615 2177
2616 524
2616 2650
2617 2649
2617 1135
2618 2204
2618 2234
2619 2546
2619 1325
2620 2510
2620 2618
2621 1904
2621 2060
2622 1698
2622 537
2623 1256
2623 2474
2624 1843
2624 686
2625 2372
2625 700
2626 352
2626 1945
2627 2546
2627 337
2628 1498
2628 747
2629 2300
2629 846
2630 2359
2630 2699
2631 2043
2631 29
2632 1883
2632 1957
2633 1075
2633 1563
2634 2636
2634 2693
2635 2693
2635 2636
2636 2693
2636 2635
2637 719
2637 2120
2638 2164
2638 1674
2639 2614
2639 917
2640 2413
2640 299
2641 1308
2641 1565
2642 364
2642 1756
2643 686
2643 1149
2644 1682
2644 431
2645 1018
2645 1428
2646 381
2646 2239
2647 984
2647 473
2648 217
2648 2474
2649 2517
2649 2031
2650 1852
2650 1090
2651 1724
2651 105
2652 2440
2652 1830
2653 1717
2653 998
2654 1220
2654 1130
2655 2408
2655 417
2656 687
2656 1928
2657 439
2657 631
2658 919
2658 1724
2659 952
2659 948
2660 878
2660 1663
2661 1785
2661 878
2662 29
2662 2400
2663 1618
2663 1121
2664 1021
2664 1300
2665 1156
2665 1654
2666 577
2666 2352
2667 327
2667 2701
2668 2690
2668 2075
2669 1494
2669 2644
2670 212
2670 2672
2671 1639
2671 726
2672 2670
2672 2678
2673 1135
2673 2623
2674 177
2674 2675
2675 912
2675 2674
2676 2628
2676 200
2677 1643
2677 2237
2678 492
2678 2672
2679 198
2679 177
2680 1621
2680 2291
2681 1390
2681 856
2682 2679
2682 177
2683 2681
2683 1390
2684 1320
2684 1349
2685 2450
2685 562
2686 811
2686 1918
2687 1438
2687 2066
2688 1277
2688 1438
2689 1169
2689 16
2690 2265
2690 715
2691 1164
2691 1149
2692 2573
2692 1310
2693 2635
2693 2636
2694 654
2694 431
2695 1510
2695 2400
2696 114
2696 208
2697 2701
2697 986
2698 1582
2698 1044
2699 1958
2699 2630
2700 2570
2700 1151
2701 1479
2701 44
2702 1536
2702 420
2703 2315
2703 1247
2704 870
2704 365
2705 656
2705 1915
2706 1994
2706 292
2707 2372
2707 1846
